<TICKER>;<PER>;<DATE>;<TIME>;<OPEN>;<HIGH>;<LOW>;<CLOSE>;<VOL>
PLZL;D;220221;000000;12,830;13,316.5;11,700;12,320;450,140
PLZL;D;220222;000000;12,330;13,150;11,339;13,014;505,142
PLZL;D;220224;000000;12,711.5;12,754;8,600;9,810;495,119
PLZL;D;220225;000000;9,790;11,439;9,719.5;10,633;282,390
PLZL;D;220324;000000;11,681;13,004.5;11,110.5;12,300;104,690
PLZL;D;220325;000000;12,100;12,466;11,800;12,200;38,215
PLZL;D;220328;000000;12,200;12,280;11,870;11,985;29,237
PLZL;D;220329;000000;11,985.5;12,149;10,740.5;10,982.5;68,739
PLZL;D;220330;000000;11,200;12,182.5;11,084.5;12,074;35,149
PLZL;D;220331;000000;12,000;12,890;11,600;12,727;85,963
PLZL;D;220401;000000;12,753;12,872;12,301;12,500;45,471
PLZL;D;220404;000000;12,541.5;12,999;12,541.5;12,950.5;38,039
PLZL;D;220405;000000;12,980;13,950;12,500;13,512;73,023
PLZL;D;220406;000000;13,500;13,940;13,300;13,450;73,733
PLZL;D;220407;000000;13,699;14,125.5;13,105;13,975;51,273
PLZL;D;220408;000000;14,004.5;14,100;13,250;13,636;33,693
PLZL;D;220411;000000;13,635;14,394.5;13,455;14,375.5;73,221
PLZL;D;220412;000000;14,400;14,950;14,235.5;14,392.5;92,361
PLZL;D;220413;000000;14,549.5;14,549.5;14,004;14,051;51,054
PLZL;D;220414;000000;14,051;14,123.5;13,360;13,365;49,511
PLZL;D;220415;000000;13,400;14,180.5;12,600;13,900;56,758
PLZL;D;220418;000000;13,999;14,283.5;13,626;13,700;31,459
PLZL;D;220419;000000;13,711;13,957;13,372.5;13,650;32,218
PLZL;D;220420;000000;13,660;13,848;13,439;13,848;27,280
PLZL;D;220421;000000;13,739.5;13,739.5;13,306;13,642;34,900
PLZL;D;220422;000000;13,630;13,633.5;13,259.5;13,400;13,777
PLZL;D;220425;000000;13,326.5;13,339.5;12,700;12,789;25,384
PLZL;D;220426;000000;12,788.5;13,100;12,754;13,005;33,070
PLZL;D;220427;000000;12,990;13,220.5;12,851;13,130;35,906
PLZL;D;220428;000000;13,160;13,475;13,045.5;13,262;44,086
PLZL;D;220429;000000;13,345;13,800;13,160;13,630;40,244
PLZL;D;220504;000000;13,611;13,744;13,309.5;13,498;25,491
PLZL;D;220505;000000;13,560;13,900;13,455;13,615;52,183
PLZL;D;220506;000000;13,514;13,614.5;13,351;13,485;17,308
PLZL;D;220511;000000;13,480;13,484.5;13,008;13,100;32,617
PLZL;D;220512;000000;13,093.5;13,099.5;12,500;12,757;25,986
PLZL;D;220513;000000;12,739;12,789.5;12,270;12,270;29,024
PLZL;D;220516;000000;12,296.5;12,400;12,001;12,335;49,891
PLZL;D;220517;000000;12,400;12,572.5;12,300;12,380;41,897
PLZL;D;220518;000000;12,383;12,450;12,243.5;12,351;40,803
PLZL;D;220519;000000;12,300.5;12,350;12,049;12,350;18,858
PLZL;D;220520;000000;12,390;12,454.5;12,000;12,000;29,438
PLZL;D;220523;000000;12,092;12,124;11,600;11,624.5;24,927
PLZL;D;220524;000000;11,663;11,698;10,920.5;11,461;37,730
PLZL;D;220525;000000;11,460;11,650;11,261;11,650;24,686
PLZL;D;220526;000000;11,647.5;11,770;11,417;11,666;30,572
PLZL;D;220527;000000;11,666;11,906;11,401;11,440;26,679
PLZL;D;220530;000000;11,598;11,800;11,100;11,800;35,008
PLZL;D;220531;000000;11,704;11,799.5;11,325.5;11,624;23,056
PLZL;D;220601;000000;11,412.5;11,567;11,342.5;11,567;24,341
PLZL;D;220602;000000;11,519.5;11,567;11,303;11,400;19,067
PLZL;D;220603;000000;11,435;11,489;11,110;11,145;31,159
PLZL;D;220606;000000;11,145;11,200;11,011;11,090;17,840
PLZL;D;220607;000000;11,100;11,141;10,570;10,849;49,418
PLZL;D;220608;000000;10,805.5;10,968.5;10,670;10,799.5;27,387
PLZL;D;220609;000000;10,799.5;10,845.5;10,407;10,680;31,835
PLZL;D;220610;000000;10,515.5;10,598.5;10,126.5;10,192;56,305
PLZL;D;220614;000000;10,160;10,357;10,010.5;10,300;40,297
PLZL;D;220615;000000;10,248;10,300;10,114;10,152;30,870
PLZL;D;220616;000000;10,240;10,250;10,100;10,245;39,760
PLZL;D;220617;000000;10,248.5;10,350.5;10,115;10,350.5;43,416
PLZL;D;220620;000000;10,320.5;10,408.5;10,150;10,228;69,926
PLZL;D;220621;000000;10,220;10,239;9,730;9,777;107,336
PLZL;D;220622;000000;9,690;9,690;9,460;9,609.5;100,575
PLZL;D;220623;000000;9,550;9,569;9,106.5;9,288;119,568
PLZL;D;220624;000000;9,295;9,439.5;9,122;9,431.5;81,152
PLZL;D;220627;000000;9,140;9,220;9,002;9,220;97,990
PLZL;D;220628;000000;9,183;9,220;9,010;9,101;60,878
PLZL;D;220629;000000;9,094.5;9,379.5;9,041;9,225;76,740
PLZL;D;220630;000000;9,261;9,290;8,824.5;8,850;102,572
PLZL;D;220701;000000;8,825.5;8,958.5;8,362.5;8,464;98,358
PLZL;D;220704;000000;8,489.5;8,505;7,855.5;7,997.5;169,221
PLZL;D;220705;000000;7,967;8,174;7,925;8,100;106,483
PLZL;D;220706;000000;8,090;8,300;7,980;8,020;92,046
PLZL;D;220707;000000;8,027.5;8,342;8,009;8,225;97,232
PLZL;D;220708;000000;8,306.5;8,496;8,120;8,376;74,441
PLZL;D;220711;000000;8,399;8,673;8,280;8,484;121,090
PLZL;D;220712;000000;8,510.5;8,567;8,129;8,320;79,672
PLZL;D;220713;000000;8,350;8,388.5;7,862;8,171;113,092
PLZL;D;220714;000000;8,149.5;8,342;8,071;8,182;50,082
PLZL;D;220715;000000;8,206;8,375;8,120;8,375;32,645
PLZL;D;220718;000000;8,360;8,494;8,271.5;8,271.5;39,643
PLZL;D;220719;000000;8,292.5;8,344;8,107;8,260;28,156
PLZL;D;220720;000000;8,260;8,353;8,117;8,179.5;33,777
PLZL;D;220721;000000;8,132;8,168;7,870.5;7,933.5;81,895
PLZL;D;220722;000000;7,910;7,913;7,511;7,717;94,565
PLZL;D;220725;000000;7,701.5;7,843;7,539;7,676.5;93,347
PLZL;D;220726;000000;7,678.5;7,998.5;7,676;7,998.5;61,088
PLZL;D;220727;000000;8,010;8,279;8,004.5;8,155.5;74,065
PLZL;D;220728;000000;8,242;8,373.5;7,958;8,242.5;78,526
PLZL;D;220729;000000;8,299;8,644;8,195;8,644;92,950
PLZL;D;220801;000000;8,654.5;8,850.5;8,275;8,527;206,626
PLZL;D;220802;000000;8,500.5;8,648;8,095.5;8,095.5;90,287
PLZL;D;220803;000000;8,115;8,166.5;7,775;7,813;179,656
PLZL;D;220804;000000;7,825.5;7,865;7,479;7,514;167,383
PLZL;D;220805;000000;7,506;7,550;7,155.5;7,261;183,016
PLZL;D;220808;000000;7,262;7,535;7,200;7,200;137,166
PLZL;D;220809;000000;7,207.5;7,250;6,951;7,100;204,113
PLZL;D;220810;000000;7,110;7,476;7,004;7,439;182,514
PLZL;D;220811;000000;7,460;7,677;7,350;7,475.5;186,736
PLZL;D;220812;000000;7,489;7,535.5;7,325;7,510;104,164
PLZL;D;220815;000000;7,518;7,699.5;7,440.5;7,610;79,554
PLZL;D;220816;000000;7,637.5;7,979;7,603.5;7,975;129,914
PLZL;D;220817;000000;8,020;8,077;7,782.5;7,855;110,938
PLZL;D;220818;000000;7,855;7,897;7,670;7,814.5;104,064
PLZL;D;220819;000000;7,802;7,945;7,727;7,890;64,753
PLZL;D;220822;000000;7,820;7,880;7,714.5;7,750;67,938
PLZL;D;220823;000000;7,750;7,850.5;7,714;7,820;51,834
PLZL;D;220824;000000;7,833;7,935;7,820;7,908;55,527
PLZL;D;220825;000000;7,930;8,182.5;7,930;8,001;117,446
PLZL;D;220826;000000;8,017.5;8,235;7,862;8,197;88,861
PLZL;D;220829;000000;8,200;8,230;8,050;8,198;69,341
PLZL;D;220830;000000;8,198;8,412.5;8,146;8,180;149,692
PLZL;D;220831;000000;8,200;8,320;8,060;8,320;98,492
PLZL;D;220901;000000;8,286.5;8,358;8,155.5;8,275;77,230
PLZL;D;220902;000000;8,300;8,378.5;8,276;8,378.5;72,012
PLZL;D;220905;000000;8,380;8,448.5;8,248.5;8,315;119,071
PLZL;D;220906;000000;8,324;8,595;7,757.5;8,050;535,789
PLZL;D;220907;000000;8,052.5;8,147.5;7,934.5;7,970;99,162
PLZL;D;220908;000000;8,049;8,050;7,951;7,975;61,662
PLZL;D;220909;000000;8,010;8,225;8,010;8,208;145,517
PLZL;D;220912;000000;8,218;8,344.5;8,170;8,314.5;81,491
PLZL;D;220913;000000;8,320;8,364.5;8,170;8,182;86,141
PLZL;D;220914;000000;8,137;8,168;8,019;8,152;67,743
PLZL;D;220915;000000;8,140;8,177;8,075;8,110;57,923
PLZL;D;220916;000000;8,102.5;8,133;7,771;8,032;77,819
PLZL;D;220919;000000;8,035;8,145;7,958;8,072;66,185
PLZL;D;220920;000000;8,095;8,130;7,196;7,448;240,583
PLZL;D;220921;000000;6,950;7,444.5;6,617;7,019.5;183,120
PLZL;D;220922;000000;7,002;7,190;6,860;6,949.5;148,479
PLZL;D;220923;000000;6,950;6,965;6,292.5;6,366;219,007
PLZL;D;220926;000000;6,300;6,300;5,500;5,572.5;227,293
PLZL;D;220927;000000;5,690;5,784.5;5,151;5,484;226,905
PLZL;D;220928;000000;5,474;5,474.5;5,275.5;5,390;186,681
PLZL;D;220929;000000;5,416;5,439.5;5,020;5,112.5;249,404
PLZL;D;220930;000000;5,127;5,190;4,910;5,018;318,779
PLZL;D;221003;000000;5,025;5,560;4,961;5,558.5;590,649
PLZL;D;221004;000000;5,586;6,070;5,457.5;5,999;702,261
PLZL;D;221005;000000;6,010;6,060;5,625;5,790;543,436
PLZL;D;221006;000000;5,799;5,890;5,731;5,812;228,557
PLZL;D;221007;000000;5,795;5,799;5,313;5,360;330,680
PLZL;D;221010;000000;5,216;5,425;5,124;5,300;354,314
PLZL;D;221011;000000;5,334.5;5,390;5,208.5;5,310.5;235,406
PLZL;D;221012;000000;5,340;5,356.5;5,190;5,210;179,824
PLZL;D;221013;000000;5,199;5,290;5,131;5,230;285,310
PLZL;D;221014;000000;5,259;5,260;5,071;5,119;196,590
PLZL;D;221017;000000;5,145;5,368;5,110.5;5,352;259,774
PLZL;D;221018;000000;5,349.5;5,750;5,252;5,570;628,460
PLZL;D;221019;000000;5,525;5,695;5,442;5,663.5;360,116
PLZL;D;221020;000000;5,665;6,050;5,615.5;5,943;532,146
PLZL;D;221021;000000;5,950;6,295;5,812.5;6,250.5;767,684
PLZL;D;221024;000000;6,308;6,465;6,160;6,213;418,167
PLZL;D;221025;000000;6,190.5;6,395;6,161.5;6,308;286,545
PLZL;D;221026;000000;6,345.5;6,409.5;6,007;6,114;440,043
PLZL;D;221027;000000;6,129;6,249;6,050;6,116.5;293,532
PLZL;D;221028;000000;6,120;6,120;5,940;6,030.5;268,636
PLZL;D;221031;000000;6,038.5;6,235;5,973;6,047;292,840
PLZL;D;221101;000000;6,054;6,143.5;5,985;6,056;159,460
PLZL;D;221102;000000;6,061;6,068;5,830;5,900.5;160,550
PLZL;D;221103;000000;5,899.5;5,970;5,850;5,908;204,897
PLZL;D;221107;000000;6,015.5;6,200;5,990.5;6,178.5;340,097
PLZL;D;221108;000000;6,179;6,594;6,065;6,508.5;523,358
PLZL;D;221109;000000;6,527;6,728;6,361;6,434.5;658,307
PLZL;D;221110;000000;6,462;6,720;6,377;6,715;405,180
PLZL;D;221111;000000;6,735;6,839.5;6,652;6,733;316,037
PLZL;D;221114;000000;6,733;6,800;6,611;6,682;204,247
PLZL;D;221115;000000;6,680.5;6,775;6,210;6,482;388,284
PLZL;D;221116;000000;6,500;6,667;6,451;6,634;203,468
PLZL;D;221117;000000;6,634;6,653;6,470;6,574.5;130,521
PLZL;D;221118;000000;6,569.5;6,610;6,511.5;6,575;73,967
PLZL;D;221121;000000;6,545.5;6,547.5;6,331;6,428;212,637
PLZL;D;221122;000000;6,431;6,770;6,370;6,741.5;347,731
PLZL;D;221123;000000;6,767;7,178.5;6,738.5;7,140.5;975,545
PLZL;D;221124;000000;7,159;7,237;6,942.5;7,068;501,724
PLZL;D;221125;000000;7,075;7,095;6,910;7,008;299,562
PLZL;D;221128;000000;6,970;7,219;6,886;7,150.5;414,886
PLZL;D;221129;000000;7,175;7,344;7,159;7,237;415,188
PLZL;D;221130;000000;7,248;7,340.5;7,167;7,338.5;315,757
PLZL;D;221201;000000;7,380;7,540;7,330;7,525;583,772
PLZL;D;221202;000000;7,496;7,660;7,374;7,504.5;649,091
PLZL;D;221205;000000;7,535;7,640;7,366.5;7,446.5;385,220
PLZL;D;221206;000000;7,423;7,479;7,326;7,382;251,008
PLZL;D;221207;000000;7,379;7,467;7,265;7,452.5;236,161
PLZL;D;221208;000000;7,472.5;7,495;7,350.5;7,402;176,771
PLZL;D;221209;000000;7,425;7,460;7,369;7,420.5;150,389
PLZL;D;221212;000000;7,409;7,445;7,370;7,418;99,204
PLZL;D;221213;000000;7,425;7,710;7,360;7,638.5;420,290
PLZL;D;221214;000000;7,648.5;7,830;7,593.5;7,738;374,536
PLZL;D;221215;000000;7,707;7,729.5;7,427.5;7,463;315,631
PLZL;D;221216;000000;7,477.5;7,597;7,411;7,525.5;225,300
PLZL;D;221219;000000;7,548.5;7,607.5;7,348;7,503.5;255,680
PLZL;D;221220;000000;7,499;7,830;7,473.5;7,803;361,755
PLZL;D;221221;000000;7,850;8,029.5;7,764;7,853;457,482
PLZL;D;221222;000000;7,877;8,004;7,672;7,760.5;283,613
PLZL;D;221223;000000;7,785;7,868;7,713;7,823.5;141,458
PLZL;D;221226;000000;7,815;7,898.5;7,731.5;7,809;136,438
PLZL;D;221227;000000;7,849;7,880;7,810;7,862;126,049
PLZL;D;221228;000000;7,850;7,860;7,750.5;7,770;101,072
PLZL;D;221229;000000;7,775;7,802;7,625;7,734;130,459
PLZL;D;221230;000000;7,754;7,777;7,628;7,692;112,981
PLZL;D;230103;000000;7,778;7,910;7,753.5;7,903;179,591
PLZL;D;230104;000000;7,940.5;8,036;7,925;8,014.5;161,437
PLZL;D;230105;000000;8,014.5;8,015;7,833;7,875.5;123,918
PLZL;D;230106;000000;7,890;7,936;7,780;7,905;145,553
PLZL;D;230109;000000;7,965.5;7,999.5;7,800;7,845;188,470
PLZL;D;230110;000000;7,830.5;7,900;7,751;7,876;124,405
PLZL;D;230111;000000;7,905;7,920;7,856;7,881.5;102,684
PLZL;D;230112;000000;7,889;7,974.5;7,850;7,934;132,273
PLZL;D;230113;000000;7,937;8,120;7,901.5;8,068;294,212
PLZL;D;230116;000000;8,094.5;8,260;8,076;8,228;298,540
PLZL;D;230117;000000;8,225;8,280;8,107;8,129;215,912
PLZL;D;230118;000000;8,128;8,248.5;8,080.5;8,155;163,328
PLZL;D;230119;000000;8,158.5;8,200;8,039;8,164.5;158,796
PLZL;D;230120;000000;8,168;8,205;8,130;8,174.5;97,560
PLZL;D;230123;000000;8,199.5;8,269;8,161.5;8,224;131,632
PLZL;D;230124;000000;8,250.5;8,447;8,250;8,435;403,531
PLZL;D;230125;000000;8,440;8,569.5;8,435;8,569.5;246,316
PLZL;D;230126;000000;8,572;8,769;8,528.5;8,766;417,664
PLZL;D;230127;000000;8,773;8,780;8,662.5;8,768;198,359
PLZL;D;230130;000000;8,830;9,298;8,781;9,252.5;672,590
PLZL;D;230131;000000;9,247;9,515;9,070;9,478;665,708
PLZL;D;230201;000000;9,476;9,815;9,355;9,720;1,081,475
PLZL;D;230202;000000;9,799;9,800;9,430;9,449;641,694
PLZL;D;230203;000000;9,447.5;9,545;9,158;9,248;849,849
PLZL;D;230206;000000;9,264.5;9,434;9,210;9,342;313,510
PLZL;D;230207;000000;9,349.5;9,390;9,025;9,111.5;426,219
PLZL;D;230208;000000;9,100;9,287;9,025;9,218.5;388,325
PLZL;D;230209;000000;9,249.5;9,298;9,121;9,139.5;188,583
PLZL;D;230210;000000;9,102.5;9,150;9,042.5;9,123.5;150,881
PLZL;D;230213;000000;9,123.5;9,240;9,063;9,080;157,344
PLZL;D;230214;000000;9,101.5;9,144.5;8,890;8,931.5;281,607
PLZL;D;230215;000000;8,877;8,877;8,085.5;8,375;1,013,190
PLZL;D;230216;000000;8,473;8,620;8,303;8,427;580,954
PLZL;D;230217;000000;8,306.5;8,693.5;8,227;8,667;410,328
PLZL;D;230220;000000;8,643.5;8,949;8,422;8,922.5;665,377
PLZL;D;230221;000000;8,930;9,150;8,824;8,963.5;618,702
PLZL;D;230222;000000;8,972;8,973;8,704.5;8,743;293,019
PLZL;D;230224;000000;8,749;8,846;8,661;8,788;174,009
PLZL;D;230227;000000;8,705;8,908;8,700;8,878;213,530
PLZL;D;230228;000000;8,899;8,940;8,710;8,788.5;278,006
PLZL;D;230301;000000;8,819.5;8,985;8,790;8,939;278,287
PLZL;D;230302;000000;8,925;8,990;8,781.5;8,836;333,875
PLZL;D;230303;000000;8,894.5;8,969;8,839;8,956;163,850
PLZL;D;230306;000000;8,995.5;9,068;8,972;9,003.5;138,668
PLZL;D;230307;000000;9,007.5;9,019;8,885;8,919.5;140,687
PLZL;D;230309;000000;8,909.5;8,954.5;8,821;8,892.5;135,721
PLZL;D;230310;000000;8,879;9,041;8,856;8,976;160,796
PLZL;D;230313;000000;9,075;9,395;9,051;9,395;707,266
PLZL;D;230314;000000;9,429;9,488;9,191;9,239.5;511,429
PLZL;D;230315;000000;9,239;9,370;9,064.5;9,268.5;567,477
PLZL;D;230316;000000;9,265;9,320;9,178;9,220;190,863
PLZL;D;230317;000000;9,249.5;9,475;9,220;9,412;326,971
PLZL;D;230320;000000;9,490;9,600;9,375;9,419.5;410,325
PLZL;D;230321;000000;9,388.5;9,429.5;9,261.5;9,310;183,641
PLZL;D;230322;000000;9,320.5;9,532;9,289;9,488;262,937
PLZL;D;230323;000000;9,533;9,590;9,431;9,488;259,090
PLZL;D;230324;000000;9,475;9,539.5;9,440;9,475;121,700
PLZL;D;230327;000000;9,466;9,495;9,341;9,408.5;195,824
PLZL;D;230328;000000;9,401;9,495;9,311;9,449;206,092
PLZL;D;230329;000000;9,415;9,468.5;9,406;9,427.5;89,742
PLZL;D;230330;000000;9,445;9,485;9,401;9,454;86,537
PLZL;D;230331;000000;9,478;9,500;9,345;9,441.5;141,833
PLZL;D;230403;000000;9,421;9,675;9,375;9,600;239,413
PLZL;D;230404;000000;9,600;9,750;9,550;9,725;249,692
PLZL;D;230405;000000;9,750;9,789;9,626;9,699;194,912
PLZL;D;230406;000000;9,678;9,710;9,572;9,589.5;124,232
PLZL;D;230407;000000;9,608;9,645;9,516.5;9,600;100,007
PLZL;D;230410;000000;9,584;9,686.5;9,555.5;9,666.5;120,414
PLZL;D;230411;000000;9,685.5;9,909.5;9,557.5;9,619;395,352
PLZL;D;230412;000000;9,652.5;9,767.5;9,567.5;9,673;141,693
PLZL;D;230413;000000;9,696.5;9,888.5;9,661;9,883;246,608
PLZL;D;230414;000000;9,893;9,976;9,725;9,835;285,178
PLZL;D;230417;000000;9,878.5;10,369.5;9,849.5;10,354;614,133
PLZL;D;230418;000000;10,368.5;10,488;10,245;10,421.5;309,316
PLZL;D;230419;000000;10,412.5;10,412.5;10,125;10,197.5;270,268
PLZL;D;230420;000000;10,205;10,470;10,101;10,411;240,053
PLZL;D;230421;000000;10,377.5;10,437.5;10,250;10,382.5;119,041
PLZL;D;230424;000000;10,381.5;10,595;10,370;10,540;217,978
PLZL;D;230425;000000;10,551;10,600;10,429;10,543;161,348
PLZL;D;230426;000000;10,554.5;10,592;10,500;10,543;118,154
PLZL;D;230427;000000;10,579.5;10,645;10,506;10,586;150,994
PLZL;D;230428;000000;10,588;10,608;10,001;10,404;227,412
PLZL;D;230502;000000;10,390;10,490;10,280;10,460;165,954
PLZL;D;230503;000000;10,483;10,527;10,213.5;10,319.5;200,792
PLZL;D;230504;000000;10,345;10,600;10,300;10,575;264,720
PLZL;D;230505;000000;10,599;10,620;10,351.5;10,474;162,912
PLZL;D;230508;000000;10,460;10,550;10,443;10,507;47,620
PLZL;D;230510;000000;10,507;10,750;10,500;10,742.5;235,826
PLZL;D;230511;000000;10,776;10,793;10,252;10,439.5;527,231
PLZL;D;230512;000000;10,449.5;10,522;10,341;10,454;129,820
PLZL;D;230515;000000;10,482;10,566;10,462.5;10,510.5;110,286
PLZL;D;230516;000000;10,525.5;10,550;10,452;10,512.5;91,151
PLZL;D;230517;000000;10,499;10,510;10,390;10,448;67,530
PLZL;D;230518;000000;10,447;10,447.5;10,280.5;10,337.5;107,287
PLZL;D;230519;000000;10,237;10,278;9,850;10,175;403,680
PLZL;D;230522;000000;10,206;10,265;9,930;9,954;137,500
PLZL;D;230523;000000;9,950;10,200;9,840;10,053;245,091
PLZL;D;230524;000000;10,110.5;10,197.5;10,050.5;10,128;107,119
PLZL;D;230525;000000;10,150;10,168.5;9,990;10,054;75,881
PLZL;D;230526;000000;10,054;10,225;10,050;10,201.5;81,518
PLZL;D;230529;000000;10,249.5;10,996;10,220;10,773;437,916
PLZL;D;230530;000000;10,648;10,793.5;10,402;10,512;242,032
PLZL;D;230531;000000;10,563.5;10,777.5;10,370.5;10,594;199,041
PLZL;D;230601;000000;10,617;10,705;10,539;10,622.5;94,543
PLZL;D;230602;000000;10,655;10,690;10,501;10,550;146,645
PLZL;D;230605;000000;10,599.5;10,599.5;9,950;10,182;336,090
PLZL;D;230606;000000;10,185;10,351;9,935;10,287.5;893,973
PLZL;D;230607;000000;10,262.5;10,432;10,200.5;10,315;213,293
PLZL;D;230608;000000;10,339.5;10,369;10,208.5;10,337;96,762
PLZL;D;230609;000000;10,345;10,367.5;10,261;10,313;58,567
PLZL;D;230613;000000;10,325;10,400;10,250;10,358;157,481
PLZL;D;230614;000000;10,372;10,470;10,300;10,395;111,746
PLZL;D;230615;000000;10,365;10,485;10,320;10,450;117,762
PLZL;D;230616;000000;10,460;10,711;10,420.5;10,671;239,701
PLZL;D;230619;000000;10,672;10,754;10,557.5;10,649;153,195
PLZL;D;230620;000000;10,648.5;11,056;10,603.5;10,980;370,095
PLZL;D;230621;000000;10,966;11,380;10,867.5;11,273;363,466
PLZL;D;230622;000000;11,270;11,480;11,109;11,151.5;454,938
PLZL;D;230623;000000;11,140;11,175;10,726;10,845.5;314,799
PLZL;D;230626;000000;11,120;11,120;10,474;10,795.5;321,516
PLZL;D;230627;000000;10,805;10,976;10,620;10,876;175,503
PLZL;D;230628;000000;10,876;10,950;10,690.5;10,861;101,860
PLZL;D;230629;000000;10,866;10,950;10,740;10,798;84,479
PLZL;D;230630;000000;10,809;10,887.5;10,720;10,804;80,470
PLZL;D;230703;000000;10,827;10,899;10,613.5;10,717;150,827
PLZL;D;230704;000000;10,742;10,785;10,660;10,720;90,735
PLZL;D;230705;000000;10,742;10,932.5;10,705;10,847;202,468
PLZL;D;230706;000000;10,876;10,946.5;10,725.5;10,780;131,321
PLZL;D;230707;000000;10,789;10,831;10,650;10,712.5;121,617
PLZL;D;230710;000000;10,749.5;12,308.5;10,730.5;10,959.5;3,009,093
PLZL;D;230711;000000;11,022;11,045;10,600;10,756;746,132
PLZL;D;230712;000000;10,756;10,848.5;10,651;10,774;238,258
PLZL;D;230713;000000;10,796.5;10,827;10,685.5;10,728;165,709
PLZL;D;230714;000000;10,727;10,864.5;10,654;10,823;193,489
PLZL;D;230717;000000;10,790;11,187.5;10,750;11,152;304,651
PLZL;D;230718;000000;11,173.5;11,468;11,161;11,411;482,091
PLZL;D;230719;000000;11,440;11,530.5;11,253.5;11,438;335,152
PLZL;D;230720;000000;11,440.5;11,738;11,355;11,521.5;436,315
PLZL;D;230721;000000;11,537;11,680;11,482;11,546;165,358
PLZL;D;230724;000000;11,545;11,642.5;11,466;11,524.5;128,255
PLZL;D;230725;000000;11,530;11,680;11,482.5;11,643;148,699
PLZL;D;230726;000000;11,658;11,793.5;11,475;11,615;286,674
PLZL;D;230727;000000;11,625;11,747;11,581;11,659.5;122,675
PLZL;D;230728;000000;11,648;11,725;11,595.5;11,685;93,368
PLZL;D;230731;000000;11,701.5;11,925;11,691.5;11,892;156,646
PLZL;D;230801;000000;11,919.5;11,922.5;11,730;11,785;102,864
PLZL;D;230802;000000;11,800;11,885.5;11,737;11,799.5;74,189
PLZL;D;230803;000000;11,816.5;11,850;11,720;11,820.5;89,119
PLZL;D;230804;000000;11,820;11,869.5;11,500;11,622.5;155,786
PLZL;D;230807;000000;11,642;11,836;11,600;11,639.5;135,016
PLZL;D;230808;000000;11,645;11,669.5;11,307.5;11,504.5;117,940
PLZL;D;230809;000000;11,510;11,567.5;11,420;11,505.5;73,038
PLZL;D;230810;000000;11,508;11,720;11,480;11,697.5;116,959
PLZL;D;230811;000000;11,696;11,777.5;11,658;11,678;81,997
PLZL;D;230814;000000;11,722.5;11,825;11,452;11,471;159,317
PLZL;D;230815;000000;11,472;11,653;11,308;11,521.5;107,147
PLZL;D;230816;000000;11,529;11,600;11,150;11,268.5;131,234
PLZL;D;230817;000000;11,318;11,382;11,156;11,317;96,906
PLZL;D;230818;000000;11,334;11,620;11,251;11,588;134,501
PLZL;D;230821;000000;11,605;11,690.5;11,402.5;11,491.5;115,262
PLZL;D;230822;000000;11,496;11,509.5;11,382.5;11,420;63,345
PLZL;D;230823;000000;11,435;11,584.5;11,313.5;11,404.5;137,473
PLZL;D;230824;000000;11,448.5;11,510;11,357.5;11,468;58,232
PLZL;D;230825;000000;11,435;11,487;11,404.5;11,455;42,770
PLZL;D;230828;000000;11,471;11,800;11,470;11,748;161,336
PLZL;D;230829;000000;11,784;11,845;11,555;11,674;251,548
PLZL;D;230830;000000;11,700;11,719.5;11,581;11,670.5;63,457
PLZL;D;230831;000000;11,675;11,750;11,632;11,671;48,843
PLZL;D;230901;000000;11,676;11,991;11,648;11,824;160,309
PLZL;D;230904;000000;11,897.5;12,142.5;11,861;12,073;150,744
PLZL;D;230905;000000;12,085;12,150;11,953;12,037;141,833
PLZL;D;230906;000000;12,034;12,034;11,831;11,857;89,196
PLZL;D;230907;000000;11,840;11,890.5;11,515.5;11,653.5;145,357
PLZL;D;230908;000000;11,653;11,716;11,277.5;11,389;120,556
PLZL;D;230911;000000;11,388;11,620;11,325;11,395.5;111,509
PLZL;D;230912;000000;11,409.5;11,530.5;11,336.5;11,471;96,745
PLZL;D;230913;000000;11,485.5;11,583;11,439;11,488.5;59,013
PLZL;D;230914;000000;11,487;11,500;11,201;11,456.5;99,586
PLZL;D;230915;000000;11,455;11,658.5;11,420;11,593.5;78,964
PLZL;D;230918;000000;11,645;11,690;11,476;11,642;65,958
PLZL;D;230919;000000;11,631.5;11,675.5;11,277.5;11,352;107,047
PLZL;D;230920;000000;11,355.5;11,471;11,125.5;11,418.5;102,483
PLZL;D;230921;000000;11,405.5;11,460;11,149;11,161;113,752
PLZL;D;230922;000000;11,199.5;11,239;10,838;11,159;129,599
PLZL;D;230925;000000;11,219;11,235;11,000;11,032;59,793
PLZL;D;230926;000000;11,022.5;11,197.5;10,879.5;11,094;89,325
PLZL;D;230927;000000;11,100;11,350;11,100;11,223;57,690
PLZL;D;230928;000000;11,207.5;11,322;11,142;11,237;42,669
PLZL;D;230929;000000;11,253;11,600;11,235.5;11,418;130,157
PLZL;D;231002;000000;11,460.5;11,468;11,177;11,181;112,066
PLZL;D;231003;000000;11,166;11,433;11,101.5;11,396;94,184
PLZL;D;231004;000000;11,380;11,463;11,340;11,370;48,549
PLZL;D;231005;000000;11,381;11,420;11,300;11,362.5;46,026
PLZL;D;231006;000000;11,374;11,550;11,362.5;11,486.5;50,158
PLZL;D;231009;000000;11,532;11,698;11,532;11,627;72,435
PLZL;D;231010;000000;11,619.5;11,677;11,475;11,569.5;67,354
PLZL;D;231011;000000;11,585;11,779.5;11,401;11,457;93,057
PLZL;D;231012;000000;11,450;11,600;11,425;11,513.5;53,121
PLZL;D;231013;000000;11,545;11,750;11,506;11,686;86,618
PLZL;D;231016;000000;11,724;11,796;11,654;11,715.5;64,001
PLZL;D;231017;000000;11,716;11,900;11,680;11,849.5;95,365
PLZL;D;231018;000000;11,850;11,987.5;11,818;11,928.5;80,283
PLZL;D;231019;000000;11,925;11,999;11,750;11,887.5;102,789
PLZL;D;231020;000000;11,900;11,909;11,775;11,829;78,632
PLZL;D;231023;000000;11,850;11,879;11,751.5;11,797;46,525
PLZL;D;231024;000000;11,801;11,802;11,630;11,759;65,048
PLZL;D;231025;000000;11,764.5;11,874;11,632;11,756;63,159
PLZL;D;231026;000000;11,795;11,826.5;11,550;11,577;69,128
PLZL;D;231027;000000;11,577;11,800;11,426;11,726;73,407
PLZL;D;231030;000000;11,730.5;11,867;11,641;11,650;83,463
PLZL;D;231031;000000;11,650.5;11,656;11,223.5;11,323;89,509
PLZL;D;231101;000000;11,333;11,488;11,323;11,472.5;49,957
PLZL;D;231102;000000;11,471.5;11,498;11,400;11,400.5;39,260
PLZL;D;231103;000000;11,400;11,458;11,301;11,413.5;40,178
PLZL;D;231106;000000;11,414;11,475.5;11,300;11,363.5;59,968
PLZL;D;231107;000000;11,393.5;11,400;11,301;11,351.5;63,392
PLZL;D;231108;000000;11,350.5;11,396.5;11,259;11,294.5;90,290
PLZL;D;231109;000000;11,290;11,360;11,200;11,285.5;87,672
PLZL;D;231110;000000;11,285.5;11,299;11,145;11,179;87,454
PLZL;D;231113;000000;11,178.5;11,428;11,175;11,256;79,667
PLZL;D;231114;000000;11,240.5;11,348.5;11,058;11,308.5;76,130
PLZL;D;231115;000000;11,325.5;11,350;11,210;11,263;45,515
PLZL;D;231116;000000;11,260.5;11,340;11,200;11,207;39,881
PLZL;D;231117;000000;11,200.5;11,346;11,171;11,220;99,437
PLZL;D;231120;000000;11,219;11,269.5;11,178;11,209;36,268
PLZL;D;231121;000000;11,250;11,350;11,207.5;11,338.5;64,079
PLZL;D;231122;000000;11,351;11,472.5;11,265;11,313;83,741
PLZL;D;231123;000000;11,314;11,360;11,237.5;11,339.5;36,513
PLZL;D;231124;000000;11,340;11,357.5;11,110;11,205;75,397
PLZL;D;231127;000000;11,226;11,250.5;11,001.5;11,001.5;48,152
PLZL;D;231128;000000;11,010;11,246;11,010;11,195;73,073
PLZL;D;231129;000000;11,202.5;11,274;11,016.5;11,079.5;57,771
PLZL;D;231130;000000;11,097.5;11,114.5;10,761;10,798;109,968
PLZL;D;231201;000000;10,805.5;10,998.5;10,601;10,971.5;165,477
PLZL;D;231204;000000;11,050;11,186;10,701;10,710;126,431
PLZL;D;231205;000000;10,720;10,840;10,700.5;10,752.5;56,716
PLZL;D;231206;000000;10,791;10,850;10,507;10,551.5;75,210
PLZL;D;231207;000000;10,571.5;10,672;10,507;10,602;89,045
PLZL;D;231208;000000;10,607.5;10,769.5;10,500;10,508;89,575
PLZL;D;231211;000000;10,510.5;10,525;10,050.5;10,050.5;140,558
PLZL;D;231212;000000;10,070;10,099;9,825;9,976;163,459
PLZL;D;231213;000000;9,965;10,140;9,914;10,061;94,238
PLZL;D;231214;000000;10,114;10,195;9,885;9,885;110,556
PLZL;D;231215;000000;9,967.5;10,269.5;9,906;10,194;80,393
PLZL;D;231218;000000;10,250;10,308.5;10,190;10,242.5;76,957
PLZL;D;231219;000000;10,244.5;10,487.5;10,244.5;10,403.5;145,815
PLZL;D;231220;000000;10,425;10,635;10,405;10,626.5;121,672
PLZL;D;231221;000000;10,635;10,680;10,452;10,593.5;105,379
PLZL;D;231222;000000;10,643.5;10,725;10,483.5;10,555.5;106,073
PLZL;D;231225;000000;10,629;10,629;10,450;10,496.5;64,735
PLZL;D;231226;000000;10,549.5;10,704;10,500;10,613;87,127
PLZL;D;231227;000000;10,613.5;10,698;10,601;10,670;62,265
PLZL;D;231228;000000;10,671.5;10,785;10,605;10,619.5;89,780
PLZL;D;231229;000000;10,622;10,684;10,531.5;10,674.5;45,075
PLZL;D;240103;000000;10,704;10,920;10,680.5;10,830;53,606
PLZL;D;240104;000000;10,900;10,900;10,760;10,862.5;24,758
PLZL;D;240105;000000;10,879;10,879.5;10,785;10,800;16,163
PLZL;D;240108;000000;10,844;10,918;10,726.5;10,900;48,738
PLZL;D;240109;000000;10,922;11,019;10,860.5;10,898.5;55,682
PLZL;D;240110;000000;10,900;10,902;10,806.5;10,809;31,895
PLZL;D;240111;000000;10,814;10,886;10,684.5;10,851.5;99,177
PLZL;D;240112;000000;10,878;11,208.5;10,868;10,999;138,177
PLZL;D;240115;000000;11,022;11,103.5;10,930;11,049;60,133
PLZL;D;240116;000000;11,050;11,068.5;10,955.5;10,995.5;35,711
PLZL;D;240117;000000;10,993;11,044;10,949.5;10,966;33,728
PLZL;D;240118;000000;10,975;11,137.5;10,975;11,030.5;58,866
PLZL;D;240119;000000;11,020;11,137;10,983;11,003;52,685
PLZL;D;240122;000000;11,030.5;11,092.5;10,995;11,063;37,914
PLZL;D;240123;000000;11,079;11,084.5;11,013.5;11,052;24,202
PLZL;D;240124;000000;11,036.5;11,110;10,935;10,936;61,874
PLZL;D;240125;000000;10,946.5;11,000;10,875.5;10,951.5;53,839
PLZL;D;240126;000000;10,969;10,995.5;10,947;10,958;27,683
PLZL;D;240129;000000;10,961.5;11,020;10,961.5;10,981;28,460
PLZL;D;240130;000000;10,985;11,100;10,948.5;11,077.5;71,436
PLZL;D;240131;000000;11,075;11,440;11,050.5;11,413;154,784
PLZL;D;240201;000000;11,422;11,550;11,250;11,373;143,640
PLZL;D;240202;000000;11,383.5;11,477;11,260;11,295;52,737
PLZL;D;240205;000000;11,299;11,358.5;11,260;11,320;37,802
PLZL;D;240206;000000;11,311;11,335;11,270;11,310;29,368
PLZL;D;240207;000000;11,327.5;11,456;11,312;11,390;61,135
PLZL;D;240208;000000;11,391;11,420.5;11,130.5;11,152;137,431
PLZL;D;240209;000000;11,159;11,210;11,066;11,167;76,496
PLZL;D;240212;000000;11,174;11,180;11,025;11,111;57,518
PLZL;D;240213;000000;11,110.5;11,140;11,067;11,080;40,316
PLZL;D;240214;000000;11,080;11,108;10,983;10,999;70,163
PLZL;D;240215;000000;11,000.5;11,134;10,913;11,038;67,974
PLZL;D;240216;000000;11,051;11,098.5;10,776;10,846;119,098
PLZL;D;240219;000000;10,851.5;11,009.5;10,811;10,927.5;80,975
PLZL;D;240220;000000;10,951;11,086.5;10,610;10,735.5;99,583
PLZL;D;240221;000000;10,732.5;10,876;10,648.5;10,728;91,379
PLZL;D;240222;000000;10,728;10,843.5;10,681.5;10,774;55,978
PLZL;D;240226;000000;10,871;11,014;10,860;11,002;67,199
PLZL;D;240227;000000;11,002.5;11,087;10,865.5;10,904.5;66,890
PLZL;D;240228;000000;10,910;11,047;10,890;11,045.5;58,683
PLZL;D;240229;000000;11,060;11,195;10,959;11,014;168,268
PLZL;D;240301;000000;11,010;11,053;10,890;11,005;75,241
PLZL;D;240304;000000;11,015.5;11,598;11,015.5;11,592;287,660
PLZL;D;240305;000000;11,591;11,674;11,361;11,365.5;249,864
PLZL;D;240306;000000;11,398.5;11,829.5;11,372;11,752;252,293
PLZL;D;240307;000000;11,785.5;11,884.5;11,601;11,702.5;152,267
PLZL;D;240311;000000;11,760;11,899.5;11,651;11,741.5;105,699
PLZL;D;240312;000000;11,700;11,753;11,555;11,646;87,407
PLZL;D;240313;000000;11,653.5;11,935.5;11,625;11,870;118,514
PLZL;D;240314;000000;11,868;11,929;11,713;11,752.5;125,268
PLZL;D;240315;000000;11,752.5;11,876;11,750;11,760;98,696
PLZL;D;240318;000000;11,780.5;11,789;11,572.5;11,673;88,412
PLZL;D;240319;000000;11,626;11,733;11,469.5;11,534;104,080
PLZL;D;240320;000000;11,557.5;11,825;11,371.5;11,759.5;125,597
PLZL;D;240321;000000;11,851;11,936;11,632;11,666;168,468
PLZL;D;240322;000000;11,660;11,680.5;11,253.5;11,406;192,866
PLZL;D;240325;000000;11,410;11,519;11,275.5;11,481;124,500
PLZL;D;240326;000000;11,530;11,666.5;11,465.5;11,573.5;94,970
PLZL;D;240327;000000;11,590;11,628.5;11,400;11,523;145,322
PLZL;D;240328;000000;11,564.5;11,749.5;11,470;11,716.5;139,572
PLZL;D;240329;000000;11,749.5;12,047.5;11,728;11,985;308,199
PLZL;D;240401;000000;12,157.5;12,497.5;12,103.5;12,450;403,393
PLZL;D;240402;000000;12,490;13,000;12,490;13,000;410,480
PLZL;D;240403;000000;13,076.5;13,480;13,002.5;13,313.5;531,309
PLZL;D;240404;000000;13,315;13,334.5;13,032.5;13,105;242,245
PLZL;D;240405;000000;13,002;13,420;12,750;13,363.5;530,536
PLZL;D;240408;000000;13,494;13,729;13,265;13,455;298,405
PLZL;D;240409;000000;13,480.5;13,984;13,433;13,920;474,439
PLZL;D;240410;000000;13,985;13,986;13,661;13,710.5;217,248
PLZL;D;240411;000000;13,711;14,180;13,710.5;14,158;244,692
PLZL;D;240412;000000;14,221.5;14,831.5;14,213;14,562.5;864,458
PLZL;D;240415;000000;14,618.5;14,698.5;14,241;14,569.5;412,564
PLZL;D;240416;000000;14,580;14,600;14,392;14,469;176,163
PLZL;D;240417;000000;14,462;14,479.5;14,130.5;14,130.5;203,179
PLZL;D;240418;000000;14,150;14,298;14,080;14,235;113,771
PLZL;D;240419;000000;14,292.5;14,427.5;14,173;14,253.5;109,057
PLZL;D;240422;000000;14,120.5;14,134.5;13,775;13,861;258,075
PLZL;D;240423;000000;13,700.5;13,794;13,500;13,600;247,185
PLZL;D;240424;000000;13,650;13,688;13,308.5;13,311;172,875
PLZL;D;240425;000000;13,351;13,678;13,311;13,592;203,289
PLZL;D;240426;000000;13,637.5;13,882.5;13,620.5;13,784.5;142,037
PLZL;D;240427;000000;13,804.5;13,845;13,628.5;13,712.5;65,678
PLZL;D;240429;000000;13,709.5;13,709.5;13,511.5;13,577.5;56,904
PLZL;D;240430;000000;13,530.5;13,540.5;13,179;13,226;127,936
PLZL;D;240502;000000;13,330;13,378;13,187;13,301;99,800
PLZL;D;240503;000000;13,294.5;13,327.5;13,017.5;13,202.5;134,739
PLZL;D;240506;000000;13,259.5;13,669;13,251;13,635;178,579
PLZL;D;240507;000000;13,641;13,647;13,420;13,515;92,499
PLZL;D;240508;000000;13,540;13,620;13,445.5;13,489;51,352
PLZL;D;240510;000000;13,681;14,050;13,678.5;13,910;201,314
PLZL;D;240513;000000;13,865;13,970;13,740;13,950;113,319
PLZL;D;240514;000000;13,945.5;13,945.5;13,767.5;13,905;85,444
PLZL;D;240515;000000;13,904.5;14,340;13,901;14,335;188,942
PLZL;D;240516;000000;14,351;14,388;14,099.5;14,170;108,480
PLZL;D;240517;000000;14,220;14,380;14,055;14,355.5;122,546
PLZL;D;240520;000000;14,502;14,752.5;14,416.5;14,498;255,946
PLZL;D;240521;000000;14,415;14,626.5;14,232;14,467;131,223
PLZL;D;240522;000000;14,444;14,535;13,913;13,915.5;171,814
PLZL;D;240523;000000;13,866;14,178;13,662;13,938.5;241,146
PLZL;D;240524;000000;14,055.5;14,123;13,700.5;13,770;163,835
PLZL;D;240527;000000;13,892.5;13,892.5;13,189.5;13,371;202,567
PLZL;D;240528;000000;13,290;13,622;13,020;13,085;233,348
PLZL;D;240529;000000;13,094;13,150;12,435;12,809;640,475
PLZL;D;240530;000000;12,791.5;12,930;12,437.5;12,560;184,696
PLZL;D;240531;000000;12,644.5;12,690;12,034;12,280;211,381
PLZL;D;240603;000000;12,180.5;12,671;11,505;12,556.5;338,435
PLZL;D;240604;000000;12,601.5;12,648;12,060.5;12,319.5;190,296
PLZL;D;240605;000000;12,321.5;12,655;12,225;12,460;150,098
PLZL;D;240606;000000;12,549.5;12,740;12,431;12,598.5;118,259
PLZL;D;240607;000000;12,621;12,717;12,270;12,367.5;197,158
PLZL;D;240610;000000;12,366;12,374.5;12,000;12,099.5;128,932
PLZL;D;240611;000000;11,995;12,289;11,820;12,052.5;200,446
PLZL;D;240613;000000;11,712;12,117.5;11,100;12,029.5;121,793
PLZL;D;240614;000000;12,049;12,350;12,006;12,331.5;101,603
PLZL;D;240617;000000;12,302.5;12,328;12,060.5;12,078;67,164
PLZL;D;240618;000000;12,080;12,180.5;11,770;11,861.5;140,826
PLZL;D;240619;000000;11,874.5;11,949.5;11,163;11,333;270,466
PLZL;D;240620;000000;11,362;11,929.5;11,266;11,898;293,347
PLZL;D;240621;000000;11,900;12,044;11,678;11,859.5;96,094
PLZL;D;240624;000000;11,880.5;11,989.5;11,700;11,722;74,901
PLZL;D;240625;000000;11,724.5;11,797;11,548;11,759;109,763
PLZL;D;240626;000000;11,785;11,900;11,676;11,892;83,966
PLZL;D;240627;000000;11,893.5;12,134;11,789;12,109;93,863
PLZL;D;240628;000000;12,110.5;12,247;12,061.5;12,098;95,574
PLZL;D;240701;000000;12,126;12,255;11,950;12,185;78,698
PLZL;D;240702;000000;12,202;12,480;12,202;12,470;121,149
PLZL;D;240703;000000;12,528;12,579.5;12,290.5;12,350.5;123,044
PLZL;D;240704;000000;12,370.5;12,470;12,060.5;12,140;96,057
PLZL;D;240705;000000;12,140.5;12,498;12,102;12,416.5;121,521
PLZL;D;240708;000000;12,458;12,567.5;12,119.5;12,207.5;138,479
PLZL;D;240709;000000;12,210;12,263.5;11,759;11,890;131,546
PLZL;D;240710;000000;11,936.5;11,940;11,350;11,408.5;165,311
PLZL;D;240711;000000;11,408;12,225;11,373.5;12,207.5;209,024
PLZL;D;240712;000000;12,200.5;12,345;11,968;12,300;193,760
PLZL;D;240715;000000;12,298;12,391.5;11,907;11,959;119,300
PLZL;D;240716;000000;11,983.5;12,683.5;11,950;12,539.5;327,674
PLZL;D;240717;000000;12,585;12,986;12,468;12,801.5;362,312
PLZL;D;240718;000000;12,808.5;13,028;12,685;12,745.5;190,685
PLZL;D;240719;000000;12,697;12,849;12,551;12,713;129,582
PLZL;D;240722;000000;13,008;13,050;12,800;12,908;112,200
PLZL;D;240723;000000;12,895;13,075;12,800;13,028;136,100
PLZL;D;240724;000000;13,070;13,090;12,904.5;12,959.5;72,393
PLZL;D;240725;000000;12,899;12,900;12,711;12,753;81,321
PLZL;D;240726;000000;12,761;12,927.5;12,400;12,605.5;172,079
PLZL;D;240729;000000;12,600;12,658;12,243.5;12,283;95,608
PLZL;D;240730;000000;12,320.5;12,744;12,250;12,725;94,502
PLZL;D;240731;000000;12,754;12,979;12,620;12,929.5;144,852
PLZL;D;240801;000000;12,949.5;13,053;12,800;12,850;189,808
PLZL;D;240802;000000;12,901;12,998.5;12,501;12,607;124,329
PLZL;D;240805;000000;12,499;12,520;12,007;12,297;216,038
PLZL;D;240806;000000;12,351;12,487.5;12,254;12,379;76,109
PLZL;D;240807;000000;12,404.5;12,429;12,126.5;12,326;82,342
PLZL;D;240808;000000;12,368.5;12,445;12,267;12,368.5;67,625
PLZL;D;240809;000000;12,367.5;12,450;12,285;12,305;40,910
PLZL;D;240812;000000;12,315;12,750;12,170.5;12,731.5;153,844
PLZL;D;240813;000000;12,732;12,914;12,625.5;12,832.5;109,086
PLZL;D;240814;000000;12,859;12,892;12,476;12,572;124,720
PLZL;D;240815;000000;12,560;12,660;12,500;12,591.5;73,578
PLZL;D;240816;000000;12,590.5;12,765;12,500;12,714.5;117,275
PLZL;D;240819;000000;12,769;12,881.5;12,609.5;12,703;146,822
PLZL;D;240820;000000;12,716;13,145;12,656;12,985.5;309,118
PLZL;D;240821;000000;12,985.5;13,089.5;12,790;12,987;147,313
PLZL;D;240822;000000;12,980.5;13,063.5;12,360;12,614.5;154,549
PLZL;D;240823;000000;12,628.5;12,866;12,542;12,745;156,249
PLZL;D;240826;000000;13,000.5;13,196.5;12,853.5;12,949;141,836
PLZL;D;240827;000000;12,955;13,139.5;12,764;12,952.5;227,201
PLZL;D;240828;000000;12,850.5;12,966;12,505;12,593.5;134,553
PLZL;D;240829;000000;12,652.5;12,739;12,272;12,484.5;144,024
PLZL;D;240830;000000;12,484.5;12,509;11,919;12,000;194,971
PLZL;D;240902;000000;11,890;12,034;11,355;11,539;198,994
PLZL;D;240903;000000;11,539.5;11,899;11,351.5;11,517;185,213
PLZL;D;240904;000000;11,496;11,990;11,406.5;11,903;152,633
PLZL;D;240905;000000;11,981;12,225;11,865;11,997;186,084
PLZL;D;240906;000000;11,955;12,200;11,930;12,099.5;85,994
PLZL;D;240909;000000;12,110;12,550;12,047;12,546;129,990
PLZL;D;240910;000000;12,548;12,663;12,352;12,481;96,302
PLZL;D;240911;000000;12,510;12,637.5;12,380;12,446;102,141
PLZL;D;240912;000000;12,450;12,699.5;12,385;12,657;147,929
PLZL;D;240913;000000;12,697;12,900;12,460;12,834.5;189,794
PLZL;D;240916;000000;12,912;13,298;12,910;13,273;201,352
PLZL;D;240917;000000;13,287.5;13,320;13,053;13,178;132,524
PLZL;D;240918;000000;13,186.5;13,284;12,901.5;13,048.5;203,090
PLZL;D;240919;000000;13,110.5;13,345;13,104.5;13,235;175,374
PLZL;D;240920;000000;13,289.5;13,530;13,279.5;13,510;145,134
PLZL;D;240923;000000;13,621;13,780;13,514;13,630;159,527
PLZL;D;240924;000000;13,615;13,765;13,354.5;13,747.5;208,405
PLZL;D;240925;000000;13,760.5;13,845;13,415.5;13,441.5;180,114
PLZL;D;240926;000000;13,462;13,745.5;13,421.5;13,528;175,250
PLZL;D;240927;000000;13,530;13,550;13,310;13,397.5;126,285
PLZL;D;240930;000000;13,408.5;13,510;13,137.5;13,189.5;128,247
PLZL;D;241001;000000;13,209;13,612;13,120.5;13,539;180,202
PLZL;D;241002;000000;13,555;13,692;13,390;13,419.5;136,296
PLZL;D;241003;000000;13,420;13,490;13,264.5;13,448;114,757
PLZL;D;241004;000000;13,455;13,539;13,400;13,423;101,561
PLZL;D;241007;000000;13,415.5;13,430;13,280;13,359.5;71,158
PLZL;D;241008;000000;13,359.5;13,515.5;13,250.5;13,288.5;104,783
PLZL;D;241009;000000;13,277;13,296;12,970;13,019.5;98,305
PLZL;D;241010;000000;13,030;13,099.5;12,924;13,028.5;93,514
PLZL;D;241011;000000;13,035.5;13,268.5;13,030;13,259.5;103,721
PLZL;D;241014;000000;13,260;13,368;13,259.5;13,328;83,971
PLZL;D;241015;000000;13,339.5;13,535;13,250.5;13,508;80,036
PLZL;D;241016;000000;13,591;13,700;13,444;13,513;111,031
PLZL;D;241017;000000;13,537;13,684;13,474.5;13,526.5;101,576
PLZL;D;241018;000000;13,550;13,699;13,550;13,641;94,820
PLZL;D;241021;000000;13,732.5;14,555;13,732.5;14,554.5;1,076,382
PLZL;D;241022;000000;14,630;14,826;14,453;14,602;583,529
PLZL;D;241023;000000;14,633.5;14,900;14,368;14,500;957,213
PLZL;D;241024;000000;14,541;14,825;14,465;14,815;255,192
PLZL;D;241025;000000;14,845;14,978.5;14,412;14,594;402,719
PLZL;D;241028;000000;14,549;14,684;14,256;14,365;280,014
PLZL;D;241029;000000;14,413;14,590;14,170;14,538;228,293
PLZL;D;241030;000000;14,622;14,864.5;14,601;14,799.5;194,629
PLZL;D;241031;000000;14,738.5;14,965;14,639;14,715.5;208,831
PLZL;D;241101;000000;14,732;15,176;14,670;15,164;198,088
PLZL;D;241102;000000;15,225;15,261.5;15,050;15,189;112,235
PLZL;D;241105;000000;15,252;15,340;15,174;15,232;139,318
PLZL;D;241106;000000;15,288;15,489.5;14,570;14,718.5;450,451
PLZL;D;241107;000000;14,718.5;14,989;14,410;14,850;233,266
PLZL;D;241108;000000;14,860;14,900;14,592;14,746;130,935
PLZL;D;241111;000000;14,678.5;14,712;14,200;14,258;239,981
PLZL;D;241112;000000;14,208.5;14,477;13,900;14,370;242,125
PLZL;D;241113;000000;14,440;14,545;14,114.5;14,152.5;171,636
PLZL;D;241114;000000;14,120;14,223.5;13,955.5;14,143.5;168,178
PLZL;D;241115;000000;14,161;14,400;14,146;14,365.5;129,936
PLZL;D;241118;000000;14,302.5;14,680;14,268.5;14,571;234,140
PLZL;D;241119;000000;14,650;14,693.5;14,352.5;14,418;169,148
PLZL;D;241120;000000;14,450;14,610;14,216.5;14,409;116,049
PLZL;D;241121;000000;14,477;14,549.5;14,252.5;14,421;126,376
PLZL;D;241122;000000;14,514.5;14,850;14,450;14,762;300,085
PLZL;D;241125;000000;14,679;14,948;14,451.5;14,513;291,519
PLZL;D;241126;000000;14,500.5;14,500.5;13,940;14,180;209,214
PLZL;D;241127;000000;14,180;14,517;13,900.5;14,307.5;248,989
PLZL;D;241128;000000;14,330;14,393;14,000.5;14,203.5;143,930
PLZL;D;241129;000000;14,268.5;14,450;14,100;14,124.5;136,702
PLZL;D;241202;000000;14,126;14,500;14,126;14,430;122,731
PLZL;D;241203;000000;14,491.5;14,740;14,383.5;14,512.5;135,509
PLZL;D;241204;000000;14,555;14,600;14,202;14,260;90,136
PLZL;D;241205;000000;14,298;14,414;14,210;14,319;93,442
PLZL;D;241206;000000;14,365;14,430;14,263.5;14,323;60,250
PLZL;D;241209;000000;14,374;14,800;14,360;14,799;193,734
PLZL;D;241210;000000;14,837;14,898.5;14,520;14,777;246,599
PLZL;D;241211;000000;14,779;15,044;14,687;15,044;232,854
PLZL;D;241212;000000;15,053;15,159;14,642;14,770;237,946
PLZL;D;241213;000000;13,612;13,873;13,527.5;13,692.5;294,401
PLZL;D;241216;000000;13,690;13,831;13,050;13,074;243,139
PLZL;D;241217;000000;13,105;13,620;13,105;13,620;197,480
PLZL;D;241218;000000;13,668;14,068;13,641.5;13,820;226,671
PLZL;D;241219;000000;13,820;13,996.5;13,215.5;13,336;448,201
PLZL;D;241220;000000;13,359.5;13,718;13,265;13,600;305,289
PLZL;D;241223;000000;13,839.5;13,998;13,690;13,929.5;187,013
PLZL;D;241224;000000;13,951.5;14,050;13,606;13,719;175,776
PLZL;D;241225;000000;13,719.5;13,990;13,605.5;13,973.5;129,395
PLZL;D;241226;000000;13,980;14,138;13,870;14,001;127,038
PLZL;D;241227;000000;14,013.5;14,140;13,982.5;14,139;92,327
PLZL;D;241228;000000;14,139;14,139;13,840;13,926;111,810
PLZL;D;241230;000000;13,988.5;14,044.5;13,927;13,981;63,118
PLZL;D;250103;000000;14,050;14,140;14,010;14,095;65,912
PLZL;D;250106;000000;14,100;14,118;13,988;14,070;27,240
PLZL;D;250108;000000;14,093;14,430;14,070.5;14,410;103,483
PLZL;D;250109;000000;14,436.5;14,570;14,315.5;14,533;130,520
PLZL;D;250110;000000;14,575;14,930;14,550.5;14,886;150,823
PLZL;D;250113;000000;14,935;15,085.5;14,706;14,903;135,609
PLZL;D;250114;000000;14,914;14,996.5;14,804;14,914;85,607
PLZL;D;250115;000000;14,930;15,090;14,870;15,084;83,241
PLZL;D;250116;000000;15,096.5;15,235;15,054.5;15,207.5;91,564
PLZL;D;250117;000000;15,209;15,295;15,055.5;15,163.5;86,587
PLZL;D;250120;000000;15,218;15,299;14,856;14,971;124,174
PLZL;D;250121;000000;15,028;15,835.5;14,980;15,800;306,442
PLZL;D;250122;000000;15,799.5;16,100;15,650.5;16,010;329,639
PLZL;D;250123;000000;15,984.5;16,470;15,950.5;16,465.5;338,754
PLZL;D;250124;000000;16,505.5;17,098;16,505;17,080;382,674
PLZL;D;250127;000000;17,108.5;17,438;16,580;16,902;495,191
PLZL;D;250128;000000;16,910;17,250;16,652;17,205.5;233,740
PLZL;D;250129;000000;17,200;17,250;16,850;17,017;152,304
PLZL;D;250130;000000;17,040;17,324;16,965;17,250;151,357
PLZL;D;250131;000000;17,275;17,370;17,058.5;17,170;160,048
PLZL;D;250203;000000;17,128.5;17,477;16,552;17,359.5;269,553
PLZL;D;250204;000000;17,350;17,771;17,350;17,678;275,821
PLZL;D;250205;000000;17,705;17,995;17,700;17,846.5;279,935
PLZL;D;250206;000000;17,880;17,977;17,612;17,729.5;154,213
PLZL;D;250207;000000;17,750;17,880;17,525.5;17,830;125,491
PLZL;D;250210;000000;17,875;18,066;17,862;17,973.5;134,282
PLZL;D;250211;000000;17,977.5;18,180;17,862.5;18,170.5;162,609
PLZL;D;250212;000000;18,170.5;19,000;18,120;18,882.5;284,079
PLZL;D;250213;000000;18,915;19,853.5;18,910;19,319;396,214
PLZL;D;250214;000000;19,267;19,695;18,525;18,709.5;301,535
PLZL;D;250217;000000;18,822;18,980;18,055;18,500;265,278
PLZL;D;250218;000000;18,495;18,830;18,165;18,717;229,931
PLZL;D;250219;000000;18,760;19,060.5;18,714;18,973.5;179,437
PLZL;D;250220;000000;19,020;19,330;18,842.5;19,009;162,947
PLZL;D;250221;000000;19,011;19,029.5;18,600;18,849;114,599
