<TICKER>;<PER>;<DATE>;<TIME>;<OPEN>;<HIGH>;<LOW>;<CLOSE>;<VOL>
SELG;D;220221;000000;53.99;55.92;48.78;48.78;632,700
SELG;D;220222;000000;47;49.96;42.98;48.93;449,000
SELG;D;220224;000000;44.15;48.87;35.69;40.48;1,099,600
SELG;D;220225;000000;40.48;48;40.48;44.55;470,750
SELG;D;220328;000000;46.5;50;46;47.8;687,060
SELG;D;220329;000000;48.5;50.97;46.62;47.41;651,780
SELG;D;220330;000000;49.15;49.15;46.75;47.62;248,400
SELG;D;220331;000000;48.69;48.69;47.5;47.9;852,440
SELG;D;220401;000000;48.2;48.49;47;47.99;534,810
SELG;D;220404;000000;48.93;51;46.5;48.02;464,910
SELG;D;220405;000000;48.17;48.6;45.43;46.51;389,400
SELG;D;220406;000000;45.24;47.67;45.24;46.3;239,550
SELG;D;220407;000000;47.36;47.36;45.02;46.65;206,510
SELG;D;220408;000000;46.65;47;45.3;45.95;190,490
SELG;D;220411;000000;46.79;61.3;45.87;50.2;3,187,130
SELG;D;220412;000000;51.85;57;51.12;52.29;4,962,730
SELG;D;220413;000000;53.81;54.36;51;51.28;1,273,850
SELG;D;220414;000000;51.27;53;50.04;51.18;1,317,170
SELG;D;220415;000000;51.45;52.05;51.18;51.56;813,400
SELG;D;220418;000000;51.94;52.79;50.01;51.22;831,760
SELG;D;220419;000000;51.93;52.9;51;51.19;574,920
SELG;D;220420;000000;51.25;51.51;50.26;50.26;515,220
SELG;D;220421;000000;50.29;51.5;49.02;49.5;513,250
SELG;D;220422;000000;50.6;51.36;49.12;50;450,730
SELG;D;220425;000000;50.3;51.3;48;48.52;408,260
SELG;D;220426;000000;48.5;49.88;48.01;49.52;336,840
SELG;D;220427;000000;49.22;50.9;49.22;49.86;475,250
SELG;D;220428;000000;50.19;50.5;45.98;47.6;928,560
SELG;D;220429;000000;48.5;50.9;47.6;49.02;995,730
SELG;D;220504;000000;49.79;50;47.8;48.34;363,220
SELG;D;220505;000000;48.5;50;48.42;48.9;510,870
SELG;D;220506;000000;53.79;60.97;49.5;50.19;7,135,400
SELG;D;220511;000000;50.44;50.8;49.57;49.81;722,030
SELG;D;220512;000000;49.87;49.98;48.52;48.9;516,390
SELG;D;220513;000000;49.13;49.4;48.04;48.77;392,480
SELG;D;220516;000000;49.91;50;48.8;48.8;563,180
SELG;D;220517;000000;49.2;49.68;49.02;49.21;394,860
SELG;D;220518;000000;49.46;49.46;46.74;49.01;787,490
SELG;D;220519;000000;49.19;49.34;48.8;48.91;445,860
SELG;D;220520;000000;49.27;49.27;47.88;48.73;439,960
SELG;D;220523;000000;49;49.07;47.42;47.91;552,300
SELG;D;220524;000000;48.1;48.16;46.13;47.02;483,110
SELG;D;220525;000000;47;48;46.27;47.98;395,970
SELG;D;220526;000000;47.98;48.83;46.81;47.86;616,390
SELG;D;220527;000000;48.27;48.79;47.72;48.07;322,690
SELG;D;220530;000000;48.15;48.99;47.72;48.03;432,570
SELG;D;220531;000000;48.05;48.34;47.8;48.01;312,420
SELG;D;220601;000000;48.36;48.39;47.7;47.98;315,870
SELG;D;220602;000000;48.25;48.39;47.5;48.08;310,370
SELG;D;220603;000000;48.15;48.25;47.7;48.15;478,040
SELG;D;220606;000000;48.38;48.48;48.2;48.3;422,430
SELG;D;220607;000000;48.4;48.48;48.1;48.38;489,890
SELG;D;220608;000000;48.39;48.57;48.2;48.41;561,590
SELG;D;220609;000000;48.56;48.62;47.88;48.47;654,940
SELG;D;220610;000000;48.5;50.55;48.33;49.69;2,213,400
SELG;D;220614;000000;50;50.89;49.71;50;2,228,570
SELG;D;220615;000000;50.15;50.3;49.8;50.09;1,092,210
SELG;D;220616;000000;50.17;51.88;50.09;51.84;2,403,350
SELG;D;220617;000000;51.53;52.68;50.52;52.04;2,848,390
SELG;D;220620;000000;46.84;48.71;43.67;48.11;3,739,720
SELG;D;220621;000000;48;48.11;46.15;46.38;1,539,420
SELG;D;220622;000000;46.35;46.35;43.5;45.01;2,114,510
SELG;D;220623;000000;45.03;46;44.56;45.23;824,550
SELG;D;220624;000000;45.25;45.8;44.84;44.84;559,210
SELG;D;220627;000000;44.01;44.18;43;43.58;1,276,450
SELG;D;220628;000000;43.83;43.87;41;42.1;1,100,510
SELG;D;220629;000000;42.2;42.4;41.1;41.67;949,490
SELG;D;220630;000000;41.99;41.99;38.66;40.79;1,617,850
SELG;D;220701;000000;41.39;41.39;39.04;39.99;795,170
SELG;D;220704;000000;40;40.75;39.13;39.52;486,200
SELG;D;220705;000000;39.53;40.04;39;39.5;554,300
SELG;D;220706;000000;39.7;40.05;39.1;39.6;560,860
SELG;D;220707;000000;39.65;40.66;39.39;40.08;764,930
SELG;D;220708;000000;40.67;40.67;39.52;40.1;517,930
SELG;D;220711;000000;40.1;40.23;39.4;39.5;451,370
SELG;D;220712;000000;39.51;39.57;38.02;38.24;733,040
SELG;D;220713;000000;38.9;38.94;36.1;36.64;664,900
SELG;D;220714;000000;36.37;36.42;34.8;35;1,204,980
SELG;D;220715;000000;35.04;35.95;34.24;35.31;515,390
SELG;D;220718;000000;35.7;36.92;35;36.01;619,940
SELG;D;220719;000000;36.73;36.73;35.24;35.73;528,990
SELG;D;220720;000000;35.73;36.03;35;35.09;486,210
SELG;D;220721;000000;35.29;35.29;33.88;34.17;472,130
SELG;D;220722;000000;34.31;34.95;34;34.5;299,870
SELG;D;220725;000000;34.89;35.91;33.5;35.46;1,014,580
SELG;D;220726;000000;35.8;37.93;35.35;37.37;1,299,010
SELG;D;220727;000000;37.4;39.8;37.39;38.27;1,172,130
SELG;D;220728;000000;39.66;41.79;38.69;41.65;2,486,800
SELG;D;220729;000000;42.07;45.97;41.82;44;2,998,180
SELG;D;220801;000000;44.26;45.7;41.6;42.75;2,484,680
SELG;D;220802;000000;43;43.4;40.4;41.01;1,184,350
SELG;D;220803;000000;41.16;43.7;41.16;42.25;840,890
SELG;D;220804;000000;42.5;42.98;40.71;42.9;868,710
SELG;D;220805;000000;42.93;44.82;42.45;42.81;1,758,340
SELG;D;220808;000000;43.89;44.28;42.87;43.88;541,590
SELG;D;220809;000000;44.69;44.69;43.5;43.93;746,250
SELG;D;220810;000000;44.52;44.52;43.08;44.16;495,400
SELG;D;220811;000000;44.4;44.49;43.27;43.75;365,450
SELG;D;220812;000000;43.75;43.99;43.4;43.78;395,010
SELG;D;220815;000000;43.92;45;43.49;44.2;446,780
SELG;D;220816;000000;44.4;45.15;44.04;44.9;505,920
SELG;D;220817;000000;45.19;45.29;44.22;44.54;237,350
SELG;D;220818;000000;44.78;46.4;44.61;45.73;947,690
SELG;D;220819;000000;46.51;49.49;45.73;48.39;3,115,230
SELG;D;220822;000000;47.03;47.62;45.01;46.28;1,820,950
SELG;D;220823;000000;45.93;47.87;45.8;46.52;877,730
SELG;D;220824;000000;46.5;47.16;46;46.16;345,370
SELG;D;220825;000000;46.49;47.8;46.2;46.6;1,241,080
SELG;D;220826;000000;46.9;48.25;46.65;47.45;1,073,590
SELG;D;220829;000000;47.53;48.33;43.67;47.23;1,209,340
SELG;D;220830;000000;48.74;48.74;47.49;47.52;1,464,990
SELG;D;220831;000000;47.32;47.9;46.07;46.95;1,105,770
SELG;D;220901;000000;46.99;47;45.75;46.08;1,163,160
SELG;D;220902;000000;46.13;47.47;45.06;46.53;2,439,280
SELG;D;220905;000000;46.54;47.5;46.11;47.01;698,460
SELG;D;220906;000000;46.8;48.2;45.2;46.18;2,312,410
SELG;D;220907;000000;46.18;46.4;45.5;45.85;331,240
SELG;D;220908;000000;45.96;46.4;45.9;45.94;282,220
SELG;D;220909;000000;46.19;46.32;45.46;45.84;528,570
SELG;D;220912;000000;45.97;46.26;45.09;45.8;614,250
SELG;D;220913;000000;46.11;46.96;46.05;46.4;1,126,530
SELG;D;220914;000000;46.4;46.75;45.85;46.11;342,760
SELG;D;220915;000000;46.15;46.28;45.8;45.9;268,610
SELG;D;220916;000000;45.9;46.24;45;45.2;515,190
SELG;D;220919;000000;45.19;45.85;45.1;45.41;223,500
SELG;D;220920;000000;45.25;45.41;40.4;41.22;1,105,510
SELG;D;220921;000000;37.28;40.48;33.02;39.98;1,262,760
SELG;D;220922;000000;40.13;41.6;39.89;40.35;545,670
SELG;D;220923;000000;41.1;44;40;40.58;2,330,220
SELG;D;220926;000000;40.03;40.39;34.53;35.11;1,867,220
SELG;D;220927;000000;34.96;36.02;33.73;35.74;671,050
SELG;D;220928;000000;36.15;36.7;35.62;36.14;528,030
SELG;D;220929;000000;36.65;36.67;35.2;35.2;313,010
SELG;D;220930;000000;36.2;36.2;34.9;35.4;591,430
SELG;D;221003;000000;36;39.95;35.7;38.96;690,030
SELG;D;221004;000000;39.23;41.16;37.71;40.2;845,430
SELG;D;221005;000000;40.21;40.3;38;39.12;743,530
SELG;D;221006;000000;39.12;40.24;39.12;40.15;393,840
SELG;D;221007;000000;40.15;40.15;38.01;38.01;326,360
SELG;D;221010;000000;37.2;39.79;36;38.61;314,570
SELG;D;221011;000000;38.62;39.6;38.42;39.1;191,750
SELG;D;221012;000000;39.6;40.18;38.86;39.65;329,150
SELG;D;221013;000000;39.85;40.49;39.5;39.92;283,620
SELG;D;221014;000000;39.92;40.36;39.39;39.53;223,540
SELG;D;221017;000000;39.6;40.5;39.53;40.13;386,210
SELG;D;221018;000000;40.67;42.2;40.55;41.5;1,020,570
SELG;D;221019;000000;41.29;41.29;38.52;40;726,810
SELG;D;221020;000000;40.01;40.95;40;40.44;419,280
SELG;D;221021;000000;40.41;40.75;39.63;40.31;329,550
SELG;D;221024;000000;40.46;41.41;40.36;40.66;291,170
SELG;D;221025;000000;40.99;41.9;40.4;41.75;518,730
SELG;D;221026;000000;41.9;43.2;41.38;41.94;861,340
SELG;D;221027;000000;42.07;43.19;41.91;42.49;565,330
SELG;D;221028;000000;42.91;42.91;41.86;42.07;212,680
SELG;D;221031;000000;42.98;42.98;42;42.56;281,430
SELG;D;221101;000000;42.9;42.94;41.48;42.45;218,500
SELG;D;221102;000000;42.3;42.65;42.01;42.22;152,170
SELG;D;221103;000000;42.19;42.19;40.42;41.3;392,980
SELG;D;221107;000000;41.62;42.21;41.61;42.01;300,940
SELG;D;221108;000000;42.25;43;41.69;42.9;329,320
SELG;D;221109;000000;44;46.75;43.1;44.15;3,439,300
SELG;D;221110;000000;44.14;45.63;43.04;45.01;1,341,780
SELG;D;221111;000000;45.22;45.8;44;44.28;955,570
SELG;D;221114;000000;44.62;44.97;43.8;44.28;492,620
SELG;D;221115;000000;44.05;44.63;43.4;43.75;511,560
SELG;D;221116;000000;43.7;44.14;43.21;43.62;288,010
SELG;D;221117;000000;43.62;44.07;42.55;43.01;422,660
SELG;D;221118;000000;43;43.72;42.75;42.92;355,100
SELG;D;221121;000000;42.76;43.6;42;42.5;637,990
SELG;D;221122;000000;42.51;43.74;42.21;43.2;382,900
SELG;D;221123;000000;43.15;45.02;43.06;44.21;1,778,510
SELG;D;221124;000000;44.24;45.19;43.65;43.9;725,190
SELG;D;221125;000000;43.91;44.58;43.43;43.82;499,640
SELG;D;221128;000000;43.41;44.2;42.78;44.2;607,240
SELG;D;221129;000000;44.22;45.1;43.85;44.05;1,250,790
SELG;D;221130;000000;44.05;45.25;43.98;44.25;1,383,830
SELG;D;221201;000000;44.76;46.2;44.53;46.09;1,811,840
SELG;D;221202;000000;46.27;47.49;45.01;45.8;2,060,590
SELG;D;221205;000000;46.48;47.29;45;45.6;1,023,070
SELG;D;221206;000000;46;46;45.1;45.35;492,880
SELG;D;221207;000000;45.38;46.15;45.15;45.66;774,700
SELG;D;221208;000000;45.89;46.8;45.22;45.71;1,304,540
SELG;D;221209;000000;45.6;46.24;45.35;45.35;379,470
SELG;D;221212;000000;45.35;45.61;44.81;44.99;531,140
SELG;D;221213;000000;45;45.74;43.71;45.21;1,117,820
SELG;D;221214;000000;45.3;45.58;44.5;44.9;415,620
SELG;D;221215;000000;44.92;44.92;42.89;43.5;509,450
SELG;D;221216;000000;43.4;44.28;43.04;43.5;289,080
SELG;D;221219;000000;43.95;44.29;43.24;43.38;541,130
SELG;D;221220;000000;43.32;45.5;43.31;45;1,206,690
SELG;D;221221;000000;45.15;45.9;44.52;44.66;760,200
SELG;D;221222;000000;44.71;45.8;43.6;44.13;885,790
SELG;D;221223;000000;44.62;44.62;43.8;43.9;279,570
SELG;D;221226;000000;44.25;44.25;43.62;43.75;187,630
SELG;D;221227;000000;43.93;44.09;43.66;44;469,730
SELG;D;221228;000000;44;44.2;43.45;43.61;387,700
SELG;D;221229;000000;43.72;43.93;43.44;43.65;235,190
SELG;D;221230;000000;43.74;43.96;43.5;43.6;161,470
SELG;D;230103;000000;43.73;44.64;43.62;44.47;303,960
SELG;D;230104;000000;44.52;45.7;44.49;45.08;699,280
SELG;D;230105;000000;45.47;45.47;44.57;44.68;251,040
SELG;D;230106;000000;44.59;44.89;44.12;44.66;278,200
SELG;D;230109;000000;46.01;46.1;44.39;45.26;931,250
SELG;D;230110;000000;45.27;45.51;44.9;45.11;372,320
SELG;D;230111;000000;45.58;45.58;45.01;45.1;159,950
SELG;D;230112;000000;45.1;45.7;45;45.32;560,930
SELG;D;230113;000000;45.45;46.2;45.2;45.56;1,046,830
SELG;D;230116;000000;46;48.29;46;47.2;2,878,880
SELG;D;230117;000000;47.5;47.72;46.05;46.68;1,266,590
SELG;D;230118;000000;46.68;47.38;46.08;46.87;678,010
SELG;D;230119;000000;46.87;48.15;46.11;46.43;908,290
SELG;D;230120;000000;46.85;47.04;46.5;46.73;288,630
SELG;D;230123;000000;46.73;47.72;46.52;46.93;574,180
SELG;D;230124;000000;47.34;47.8;47.04;47.48;772,060
SELG;D;230125;000000;47.63;49.16;47.31;48.3;3,385,860
SELG;D;230126;000000;49.29;49.3;48;48.15;1,941,380
SELG;D;230127;000000;48.93;49.26;47.7;47.98;2,060,930
SELG;D;230130;000000;48;49.1;47.95;48.82;2,068,290
SELG;D;230131;000000;48.83;49.3;48.1;48.48;774,700
SELG;D;230201;000000;48.48;49.14;47.88;48.18;1,108,040
SELG;D;230202;000000;49.55;54.89;48.62;51.4;15,196,160
SELG;D;230203;000000;51.81;51.9;49.79;50;3,311,870
SELG;D;230206;000000;50.66;51.4;50.29;50.6;1,721,010
SELG;D;230207;000000;50.7;50.89;49.54;49.92;1,033,600
SELG;D;230208;000000;49.98;50.45;49.5;49.71;1,004,860
SELG;D;230209;000000;50;50.2;48.31;49.56;1,026,630
SELG;D;230210;000000;49.49;49.49;48.8;48.87;457,300
SELG;D;230213;000000;48.97;50.6;48.9;49.48;1,294,350
SELG;D;230214;000000;49.7;50.07;48.2;48.29;1,267,940
SELG;D;230215;000000;48.2;48.5;46.18;46.2;1,988,290
SELG;D;230216;000000;46.66;48.49;46.5;46.6;1,260,090
SELG;D;230217;000000;46.91;47.5;46.61;47.25;586,020
SELG;D;230220;000000;47.49;47.49;46.5;47.24;580,300
SELG;D;230221;000000;47.24;48.2;46.7;47.7;974,980
SELG;D;230222;000000;47.94;47.95;47.07;47.38;264,010
SELG;D;230224;000000;47.4;47.95;46.82;47.1;335,550
SELG;D;230227;000000;47.24;47.78;46.8;47.6;406,780
SELG;D;230228;000000;47.63;48.5;47.5;48.18;772,120
SELG;D;230301;000000;48.29;49;48.26;48.63;656,530
SELG;D;230302;000000;48.65;48.65;47.1;47.72;800,660
SELG;D;230303;000000;47.82;49.2;47.74;48.47;548,860
SELG;D;230306;000000;48.85;48.99;48.5;48.71;569,050
SELG;D;230307;000000;48.71;48.93;48.18;48.41;346,150
SELG;D;230309;000000;48.22;48.9;48.18;48.47;411,640
SELG;D;230310;000000;48.39;48.78;48.15;48.56;556,300
SELG;D;230313;000000;49.15;50.18;48.75;49.65;3,494,970
SELG;D;230314;000000;50.13;53;49.49;49.59;13,287,980
SELG;D;230315;000000;49.74;50.21;48.43;49.43;3,991,400
SELG;D;230316;000000;49.59;49.59;48.53;48.89;1,755,300
SELG;D;230317;000000;49.29;49.53;48.68;49.22;1,783,260
SELG;D;230320;000000;49.68;51.19;49.62;49.8;3,528,030
SELG;D;230321;000000;49.82;50;48.89;49.1;1,838,140
SELG;D;230322;000000;49.23;49.47;48.64;49.26;896,620
SELG;D;230323;000000;50;50.5;49.29;49.38;1,908,870
SELG;D;230324;000000;49.7;49.7;49.1;49.21;1,225,350
SELG;D;230327;000000;49.45;49.59;49;49.23;1,313,230
SELG;D;230328;000000;49.23;49.36;48.82;49.09;1,073,330
SELG;D;230329;000000;49.09;49.29;48.9;49.03;741,470
SELG;D;230330;000000;49.05;49.58;48.9;49.1;1,653,630
SELG;D;230331;000000;49.21;49.27;48.52;48.77;1,000,840
SELG;D;230403;000000;48.46;49.47;48.03;49.28;1,862,310
SELG;D;230404;000000;49.34;50.44;49;49.86;2,996,730
SELG;D;230405;000000;50.32;50.33;48.5;49.76;2,523,430
SELG;D;230406;000000;49.77;50;49.3;49.35;1,108,860
SELG;D;230407;000000;49.47;49.5;49;49.07;785,140
SELG;D;230410;000000;49.1;49.84;49.07;49.54;1,352,180
SELG;D;230411;000000;49.64;50.28;48.5;49.05;3,778,020
SELG;D;230412;000000;49.35;49.85;49;49.26;920,870
SELG;D;230413;000000;49.3;50.45;49.2;49.93;4,022,750
SELG;D;230414;000000;50.1;50.74;49.3;49.56;2,556,350
SELG;D;230417;000000;49.95;50.97;49.61;50.63;3,427,150
SELG;D;230418;000000;50.74;50.8;49.91;50.43;1,948,470
SELG;D;230419;000000;50.49;50.63;49.64;50.04;1,855,420
SELG;D;230420;000000;50.04;50.34;48.98;49.89;1,354,420
SELG;D;230421;000000;50.14;53.89;49.6;52.13;21,658,800
SELG;D;230424;000000;52.91;52.91;51.52;51.71;2,437,990
SELG;D;230425;000000;52.09;52.49;50.8;51.61;1,498,890
SELG;D;230426;000000;51.48;53.55;51;52.06;4,788,760
SELG;D;230427;000000;52.2;53.22;52.09;52.13;1,681,270
SELG;D;230428;000000;52.3;52.8;51.2;51.34;1,217,670
SELG;D;230502;000000;50.97;52.8;49.16;51;3,931,550
SELG;D;230503;000000;51.05;51.28;49.29;49.6;1,298,360
SELG;D;230504;000000;49.52;51.44;48.5;50.52;1,447,960
SELG;D;230505;000000;50.54;52.89;49.02;49.4;4,530,130
SELG;D;230508;000000;49.54;49.82;49.26;49.32;421,200
SELG;D;230510;000000;50.59;52;49.6;52;2,993,130
SELG;D;230511;000000;52.69;53;50.5;51.46;4,694,570
SELG;D;230512;000000;51.37;51.37;49.8;50.02;2,415,290
SELG;D;230515;000000;48.11;49.83;48.07;49.35;4,573,780
SELG;D;230516;000000;49.64;49.81;49.11;49.38;1,202,390
SELG;D;230517;000000;49.52;49.52;48.6;48.97;1,217,310
SELG;D;230518;000000;49.03;49.7;48.62;48.77;1,190,850
SELG;D;230519;000000;48.77;48.77;48.1;48.13;790,180
SELG;D;230522;000000;48.28;48.76;48.15;48.52;962,910
SELG;D;230523;000000;48.58;48.81;48.21;48.67;641,740
SELG;D;230524;000000;48.67;49.95;48.61;49.39;3,004,830
SELG;D;230525;000000;49.4;49.57;48.53;49.05;989,000
SELG;D;230526;000000;49.12;49.42;49.06;49.24;538,860
SELG;D;230529;000000;49.54;49.6;48.8;48.94;946,450
SELG;D;230530;000000;48.77;49.13;48.18;48.67;1,070,840
SELG;D;230531;000000;48.87;51.7;48.67;50.23;9,110,430
SELG;D;230601;000000;50.53;51.15;48.91;49.77;2,031,620
SELG;D;230602;000000;49.8;50.57;49.59;49.86;1,238,990
SELG;D;230605;000000;50.25;50.7;49.81;49.98;1,383,510
SELG;D;230606;000000;49.94;50.26;49.02;50.2;1,459,390
SELG;D;230607;000000;50.19;50.8;49.63;49.78;915,840
SELG;D;230608;000000;49.74;49.85;49.51;49.7;515,080
SELG;D;230609;000000;49.65;50.03;49.51;49.75;581,220
SELG;D;230613;000000;49.77;52;49.77;50.78;2,806,600
SELG;D;230614;000000;51;51.01;49.2;50.31;1,145,080
SELG;D;230615;000000;50.2;50.42;49.5;49.92;975,980
SELG;D;230616;000000;49.92;50.37;49.9;50.06;613,730
SELG;D;230619;000000;50.06;50.35;49.55;50.1;619,920
SELG;D;230620;000000;50.93;50.93;49.91;50.22;791,210
SELG;D;230621;000000;52.9;52.9;49.92;51.18;5,096,720
SELG;D;230622;000000;51.55;52.74;51.2;51.85;2,588,300
SELG;D;230623;000000;51.86;52;50.1;51.49;2,167,550
SELG;D;230626;000000;51;51.29;50.14;50.4;1,085,250
SELG;D;230627;000000;50.5;51.04;50.4;50.53;619,360
SELG;D;230628;000000;50.61;51.24;50.27;50.65;922,230
SELG;D;230629;000000;50.53;50.9;50.12;50.28;528,880
SELG;D;230630;000000;50.3;50.65;49.91;50.39;734,360
SELG;D;230703;000000;50.47;51.27;50.39;51.07;779,940
SELG;D;230704;000000;51.07;51.35;50.32;51.05;629,740
SELG;D;230705;000000;51.49;52.64;51.3;52.03;2,046,200
SELG;D;230706;000000;52.1;53.2;52.04;52.34;1,900,810
SELG;D;230707;000000;52.35;53.1;51.51;52.51;1,031,240
SELG;D;230710;000000;52.71;56.04;52.7;53.91;7,090,510
SELG;D;230711;000000;54.26;57.7;53.94;55.89;8,595,840
SELG;D;230712;000000;55.89;57.26;55.8;56.99;3,793,650
SELG;D;230713;000000;57.99;58.6;56.08;57.63;8,772,740
SELG;D;230714;000000;57.99;57.99;56.78;57.19;2,184,820
SELG;D;230717;000000;57.48;57.98;56;57.31;2,492,890
SELG;D;230718;000000;57.54;58.67;57.5;58.58;2,490,370
SELG;D;230719;000000;59.07;59.67;58.22;59.02;2,846,370
SELG;D;230720;000000;59.26;61.19;58.57;60.09;8,158,370
SELG;D;230721;000000;60.13;60.9;59.04;60.79;2,054,600
SELG;D;230724;000000;60.98;67.24;60.85;67;14,548,560
SELG;D;230725;000000;69.99;77.2;67.56;77.05;76,207,580
SELG;D;230726;000000;76.6;85;72.65;74.03;96,797,570
SELG;D;230727;000000;74.24;78;73.07;74;24,175,190
SELG;D;230728;000000;73.55;75;71.12;73.13;13,298,150
SELG;D;230731;000000;74.04;74.47;72.8;73.1;4,347,380
SELG;D;230801;000000;73.45;77.38;72;74.3;24,476,260
SELG;D;230802;000000;75;75.89;74;74.48;5,142,680
SELG;D;230803;000000;74.5;76.43;73.98;76.01;7,447,600
SELG;D;230804;000000;76.56;79.58;68.76;74.35;13,273,310
SELG;D;230807;000000;74.85;77.5;74.6;75.88;4,912,900
SELG;D;230808;000000;76.01;77;72.08;75.1;3,391,410
SELG;D;230809;000000;75.21;78.79;74.97;76.9;10,792,940
SELG;D;230810;000000;77.45;81;77.1;79.11;17,304,840
SELG;D;230811;000000;80;80.29;77.8;78.48;5,244,390
SELG;D;230814;000000;79.01;80;75;77.8;6,875,580
SELG;D;230815;000000;76.21;78.88;73;76.57;4,342,780
SELG;D;230816;000000;76.44;78.57;73.16;74.89;5,776,230
SELG;D;230817;000000;75.13;77;73.78;76.06;3,290,480
SELG;D;230818;000000;76.8;77.7;75.35;77.7;2,257,050
SELG;D;230821;000000;78.07;79.3;77.56;77.68;3,116,980
SELG;D;230822;000000;77.37;81.99;76.78;81.55;20,755,250
SELG;D;230823;000000;82.5;87;82.01;87;33,381,100
SELG;D;230824;000000;86.01;88;84.32;85.51;16,937,490
SELG;D;230825;000000;86.49;86.5;83.4;83.97;6,882,470
SELG;D;230828;000000;84.37;89.98;84.28;89.5;18,556,140
SELG;D;230829;000000;90;90.62;86.19;87.01;13,447,580
SELG;D;230830;000000;87.5;88.86;84.9;87.3;10,408,960
SELG;D;230831;000000;87.97;88.46;85.55;85.99;4,499,790
SELG;D;230901;000000;86.1;87.94;86;86;6,126,680
SELG;D;230904;000000;86.48;87.87;86.1;87.15;4,309,690
SELG;D;230905;000000;87.03;92.35;87.03;91.2;26,986,600
SELG;D;230906;000000;91.51;91.88;89;89.4;7,627,450
SELG;D;230907;000000;89.96;90;80.01;85.61;11,340,020
SELG;D;230908;000000;85.6;86.41;82.5;82.9;5,426,400
SELG;D;230911;000000;83.67;85.5;80.71;81.15;5,661,210
SELG;D;230912;000000;81.34;83.8;81.2;82.35;4,401,280
SELG;D;230913;000000;82.31;83.59;80.12;82;3,582,960
SELG;D;230914;000000;82.08;82.09;65;78.66;27,743,520
SELG;D;230915;000000;78.3;81.45;75.5;79.61;9,706,180
SELG;D;230918;000000;81;82.79;78.01;78.57;7,756,570
SELG;D;230919;000000;79;79.07;73.32;76.2;11,473,360
SELG;D;230920;000000;75.74;78.9;71.15;75.45;11,594,440
SELG;D;230921;000000;74.37;78;73.75;77.46;8,821,440
SELG;D;230922;000000;77.46;79.38;76.07;78.95;6,795,170
SELG;D;230925;000000;79;79.72;76.61;78.42;4,071,320
SELG;D;230926;000000;78.33;78.45;77.25;78.05;2,058,370
SELG;D;230927;000000;78.3;79.3;76.9;77.99;2,529,960
SELG;D;230928;000000;78.22;78.89;77.8;78.2;2,162,710
SELG;D;230929;000000;78.51;81.5;77.5;79.44;11,654,190
SELG;D;231002;000000;79.86;82.4;79.83;80.78;10,648,610
SELG;D;231003;000000;80.5;80.74;78.2;79.15;5,054,910
SELG;D;231004;000000;79.25;80.5;78.6;79.28;3,088,440
SELG;D;231005;000000;79.43;80.11;78.8;79.59;2,067,020
SELG;D;231006;000000;79.7;80.72;78.95;79.25;4,230,350
SELG;D;231009;000000;79.52;80.38;79.4;80.1;2,602,270
SELG;D;231010;000000;80.08;80.84;79.7;80.27;2,067,280
SELG;D;231011;000000;80.39;82.97;77.11;78;9,467,560
SELG;D;231012;000000;77.5;80.91;77.31;79.64;5,129,420
SELG;D;231013;000000;79.67;80.72;79.35;80.12;2,845,590
SELG;D;231016;000000;80.15;81.29;79.99;80.28;2,156,840
SELG;D;231017;000000;80.38;81;80;80.3;2,245,920
SELG;D;231018;000000;80.42;82;79.35;80.91;5,164,050
SELG;D;231019;000000;82.01;83.3;81.23;83.15;12,285,720
SELG;D;231020;000000;83.55;83.55;80.34;81;6,685,850
SELG;D;231023;000000;81.5;81.65;80;80.11;2,641,490
SELG;D;231024;000000;80.11;80.29;78.35;79.46;2,246,750
SELG;D;231025;000000;79.49;79.55;78.6;78.96;1,338,860
SELG;D;231026;000000;78.97;79.06;75.7;76.97;2,476,750
SELG;D;231027;000000;76.97;79.38;75.7;79.07;2,695,620
SELG;D;231030;000000;79.3;79.78;78.08;78.29;1,387,510
SELG;D;231031;000000;78;78.38;77.01;77.26;1,121,260
SELG;D;231101;000000;77.26;79.3;77.02;78.75;1,274,690
SELG;D;231102;000000;78.8;79.69;77.41;77.65;1,277,160
SELG;D;231103;000000;77.65;78.3;77.41;77.64;813,200
SELG;D;231106;000000;77.65;78.3;77.35;78.12;644,260
SELG;D;231107;000000;78.12;78.21;77.65;77.99;484,170
SELG;D;231108;000000;77.97;78.05;77.26;77.54;709,030
SELG;D;231109;000000;77.53;77.8;76.44;77.17;953,740
SELG;D;231110;000000;77.17;77.22;75.01;76.09;1,578,580
SELG;D;231113;000000;76.07;76.16;69.14;71.1;7,347,830
SELG;D;231114;000000;71.11;71.23;66.12;68.65;8,808,560
SELG;D;231115;000000;68;72.5;68;71.5;5,746,120
SELG;D;231116;000000;70.99;71.48;69.5;69.66;2,689,910
SELG;D;231117;000000;69.82;71.38;68.84;70.2;2,437,400
SELG;D;231120;000000;70.2;71.01;69.2;70.53;2,016,140
SELG;D;231121;000000;70.54;72.96;69.53;72.85;3,032,070
SELG;D;231122;000000;73.03;74;71.36;71.96;2,722,750
SELG;D;231123;000000;72.2;73;69.49;70.32;2,040,000
SELG;D;231124;000000;70.51;71.49;70.1;70.57;1,824,100
SELG;D;231127;000000;69.67;70;68.12;69.47;3,143,370
SELG;D;231128;000000;69.7;70.45;68.4;69.87;1,811,510
SELG;D;231129;000000;69.88;70;68.6;69.05;942,440
SELG;D;231130;000000;68.98;69.43;66.25;66.95;2,711,530
SELG;D;231201;000000;64.92;66.01;64.03;65.3;3,785,640
SELG;D;231204;000000;65.19;67.74;62.67;63.69;5,694,340
SELG;D;231205;000000;63.67;64.98;61.53;63.27;2,804,280
SELG;D;231206;000000;63.4;63.98;62;62;1,439,610
SELG;D;231207;000000;62.2;62.24;59.85;60.2;2,815,210
SELG;D;231208;000000;60.22;61.5;59.2;60.37;2,519,320
SELG;D;231211;000000;60.11;60.2;55.8;56.96;4,412,400
SELG;D;231212;000000;56.89;58.35;55.43;56.34;3,891,890
SELG;D;231213;000000;56.1;57.6;55.8;57.49;2,390,180
SELG;D;231214;000000;58;58.9;55.6;56.03;2,813,760
SELG;D;231215;000000;56.19;58.3;55.72;58.02;2,330,210
SELG;D;231218;000000;58.25;61.88;57.79;61.27;5,548,440
SELG;D;231219;000000;61.28;62.92;60.5;62;2,865,250
SELG;D;231220;000000;62.01;64.9;61.7;64.55;4,408,200
SELG;D;231221;000000;64.9;66.73;63.81;65.7;6,956,430
SELG;D;231222;000000;66.09;67.4;65.72;66;3,620,790
SELG;D;231225;000000;66.19;66.63;64.2;65.57;2,871,540
SELG;D;231226;000000;65.47;65.9;62.77;65.33;4,626,260
SELG;D;231227;000000;65.34;67;64.04;65.81;4,009,490
SELG;D;231228;000000;65.83;66.19;63.7;64;1,973,270
SELG;D;231229;000000;64.06;64.5;62.32;62.39;2,453,660
SELG;D;240103;000000;62.7;65.34;62.68;64.91;1,524,730
SELG;D;240104;000000;64.96;66.07;64.45;65.37;1,604,420
SELG;D;240105;000000;65.37;65.37;64.04;64.45;1,393,060
SELG;D;240108;000000;64.49;65.49;64.3;65;1,847,290
SELG;D;240109;000000;65.12;68.2;64.76;67.45;6,105,180
SELG;D;240110;000000;67.51;69.95;67.51;68.54;5,322,020
SELG;D;240111;000000;68.54;70.4;67.5;69.06;5,223,080
SELG;D;240112;000000;69.22;69.87;68.52;69.24;1,863,700
SELG;D;240115;000000;69.5;70.9;69.45;70.38;2,667,510
SELG;D;240116;000000;70.44;70.71;69.25;69.65;1,736,430
SELG;D;240117;000000;69.84;71.27;68.6;71.07;4,973,440
SELG;D;240118;000000;71.11;71.7;70;70.22;2,282,920
SELG;D;240119;000000;70.39;72.27;69.28;71.05;6,398,780
SELG;D;240122;000000;71.05;71.84;70.8;71.34;1,997,230
SELG;D;240123;000000;71.32;71.65;69.93;70.52;1,697,160
SELG;D;240124;000000;70.55;70.67;69.41;69.83;1,396,460
SELG;D;240125;000000;69.96;70.04;68.65;69.09;1,561,480
SELG;D;240126;000000;69.11;69.38;68.72;69.19;600,680
SELG;D;240129;000000;69.26;70.65;69.04;70.1;1,413,540
SELG;D;240130;000000;70.15;70.38;69.5;69.85;1,083,340
SELG;D;240131;000000;70.03;70.59;69.71;69.93;1,033,070
SELG;D;240201;000000;69.98;71.53;69.98;70.14;2,048,650
SELG;D;240202;000000;70.01;70.31;69.52;69.61;1,001,360
SELG;D;240205;000000;69.6;70.12;69.15;69.48;1,179,210
SELG;D;240206;000000;69.49;69.67;69.02;69.2;862,310
SELG;D;240207;000000;69.21;69.4;67.64;68.27;1,657,500
SELG;D;240208;000000;68.31;68.71;66.61;67.27;2,266,500
SELG;D;240209;000000;67.11;68.35;66;67.24;2,411,330
SELG;D;240212;000000;67.33;67.64;66.14;66.79;1,156,740
SELG;D;240213;000000;66.83;67.52;66.29;67.39;1,744,530
SELG;D;240214;000000;67.78;68;66.39;66.59;1,359,550
SELG;D;240215;000000;66.61;68;66.6;67.32;2,565,380
SELG;D;240216;000000;67.52;68.2;66.11;66.37;2,001,650
SELG;D;240219;000000;66.36;67.5;64.55;64.95;3,769,650
SELG;D;240220;000000;65;65.05;61.65;63.15;5,122,920
SELG;D;240221;000000;63.14;63.89;60.86;63.22;2,422,140
SELG;D;240222;000000;63.22;63.69;62.1;62.81;1,226,180
SELG;D;240226;000000;63.73;64.47;63.15;64.06;1,339,060
SELG;D;240227;000000;64.13;64.41;63.1;63.51;711,880
SELG;D;240228;000000;63.72;63.72;62.62;63.07;972,780
SELG;D;240229;000000;62.83;63.63;62.82;63.15;779,710
SELG;D;240301;000000;63.44;64.61;62.6;64.33;2,318,060
SELG;D;240304;000000;64.51;66.66;64.22;66.31;4,559,020
SELG;D;240305;000000;66.5;67.9;65.02;66.8;5,173,200
SELG;D;240306;000000;66.9;68.74;66.74;68.37;3,878,220
SELG;D;240307;000000;68.53;69.96;67.86;68.86;6,309,750
SELG;D;240311;000000;69.45;70.33;68.45;68.66;3,258,980
SELG;D;240312;000000;68.72;68.94;67.21;67.58;2,981,830
SELG;D;240313;000000;67.7;68.6;67.32;67.87;2,008,040
SELG;D;240314;000000;67.51;68.94;67.01;67.81;2,041,840
SELG;D;240315;000000;67.88;69.18;67.6;68.17;2,642,500
SELG;D;240318;000000;68.18;69.89;67.32;68.76;4,099,720
SELG;D;240319;000000;69;70.7;66.78;68.41;7,702,900
SELG;D;240320;000000;68.5;69.88;67.45;69.62;2,622,040
SELG;D;240321;000000;70.06;70.47;68.3;69.37;3,496,650
SELG;D;240322;000000;69.45;69.47;67.11;67.7;1,591,040
SELG;D;240325;000000;67.99;68.35;67.03;68.21;1,364,070
SELG;D;240326;000000;68.3;72;68.25;71.88;9,867,850
SELG;D;240327;000000;71.88;73.2;70.88;72.91;5,793,650
SELG;D;240328;000000;73.15;74.15;71.98;74;5,632,190
SELG;D;240329;000000;74.68;74.96;72.64;73.34;6,780,020
SELG;D;240401;000000;74.16;76.86;73.87;76.8;10,411,750
SELG;D;240402;000000;76.89;79.79;75.8;78.81;9,718,930
SELG;D;240403;000000;79.1;80.48;78.6;80;7,860,770
SELG;D;240404;000000;80.05;80.75;78.3;78.56;5,112,460
SELG;D;240405;000000;78.11;80.63;77.14;79.97;8,937,110
SELG;D;240408;000000;80.3;82.09;80.3;81.61;4,721,750
SELG;D;240409;000000;82.12;82.88;80.3;80.87;5,988,410
SELG;D;240410;000000;81.15;81.27;78.3;79.98;3,906,040
SELG;D;240411;000000;80.06;81.84;79.63;81.7;2,758,710
SELG;D;240412;000000;82;85.1;81.94;83.28;14,561,750
SELG;D;240415;000000;82.88;83.82;80.11;81.8;8,087,140
SELG;D;240416;000000;81.85;82.15;79.09;79.66;4,963,770
SELG;D;240417;000000;79.79;79.81;75.32;75.61;8,737,640
SELG;D;240418;000000;75.61;77.23;75;76.58;4,415,810
SELG;D;240419;000000;77.21;77.61;76;76.29;2,649,800
SELG;D;240422;000000;75.95;76.12;74.02;74.46;3,747,290
SELG;D;240423;000000;74.28;74.98;73.5;74.05;3,004,090
SELG;D;240424;000000;74.46;74.6;73.53;74.08;1,642,510
SELG;D;240425;000000;74.19;75.65;73.41;75.35;2,414,060
SELG;D;240426;000000;75.47;76.2;74.12;74.54;2,269,840
SELG;D;240427;000000;74.8;75.13;73.71;74.39;1,397,290
SELG;D;240429;000000;74.48;75.34;74.37;75.3;660,600
SELG;D;240430;000000;75.19;75.37;73.99;74.19;907,930
SELG;D;240502;000000;74.05;74.44;71.65;72.25;2,651,300
SELG;D;240503;000000;72.25;73.84;72.25;73.57;2,539,730
SELG;D;240506;000000;73.7;74.99;73.46;73.5;2,098,910
SELG;D;240507;000000;73.83;75.41;73.51;74.39;1,878,030
SELG;D;240508;000000;74.46;74.99;73.06;74.13;891,840
SELG;D;240510;000000;75.12;76.99;75.1;76.76;5,472,400
SELG;D;240513;000000;76.7;76.8;74.84;75.72;1,865,390
SELG;D;240514;000000;75.53;76.25;74.93;75.78;1,027,730
SELG;D;240515;000000;75.82;77.61;75.32;77.01;3,582,430
SELG;D;240516;000000;77.63;77.98;75.4;75.8;1,849,060
SELG;D;240517;000000;76.05;76.48;75.51;76;953,370
SELG;D;240520;000000;76.7;79.6;76.59;79;9,660,240
SELG;D;240521;000000;78.95;78.95;76.2;77.09;2,988,140
SELG;D;240522;000000;76.58;78.1;73.8;74.34;3,579,960
SELG;D;240523;000000;74.01;75.3;73.34;73.87;2,023,170
SELG;D;240524;000000;74.28;75.87;71.01;71.29;3,641,110
SELG;D;240527;000000;72.37;72.37;69.01;70.89;3,217,890
SELG;D;240528;000000;70.83;72;68.34;70.03;2,858,930
SELG;D;240529;000000;70.45;71.03;69.05;70.76;1,489,230
SELG;D;240530;000000;70.79;71.28;68.8;68.97;1,925,380
SELG;D;240531;000000;69.02;69.25;64.27;65.53;4,144,700
SELG;D;240603;000000;65.56;66.66;57.86;65.2;9,822,840
SELG;D;240604;000000;65.35;65.98;63.29;65.7;2,707,780
SELG;D;240605;000000;66.48;69.08;65.8;68.42;4,281,460
SELG;D;240606;000000;68.6;69.76;67.71;69.51;2,454,680
SELG;D;240607;000000;69.98;71.71;69.4;70.22;2,368,110
SELG;D;240610;000000;70.52;72.2;70.03;71.05;2,942,710
SELG;D;240611;000000;70.97;72.5;70.43;71.37;2,386,940
SELG;D;240613;000000;63.63;70.7;48.64;70.19;5,312,350
SELG;D;240614;000000;69;69.69;67.92;69.26;2,946,580
SELG;D;240617;000000;69.24;69.44;68.25;68.94;759,200
SELG;D;240618;000000;68.95;69.11;65.76;66.84;1,844,130
SELG;D;240619;000000;66.85;67.28;64.52;65.5;1,555,490
SELG;D;240620;000000;65.5;70.7;65.43;70.39;4,306,710
SELG;D;240621;000000;70.26;70.97;69.29;69.75;1,061,760
SELG;D;240624;000000;68.05;69;66.11;66.86;5,003,040
SELG;D;240625;000000;66.57;66.57;64.55;65.2;4,322,130
SELG;D;240626;000000;64.98;65.95;64.62;64.9;1,914,910
SELG;D;240627;000000;64.78;65.48;63.43;65.08;2,301,740
SELG;D;240628;000000;65.08;65.84;62.1;62.23;4,765,840
SELG;D;240701;000000;62.65;62.81;61.7;62.4;2,645,470
SELG;D;240702;000000;62.4;62.61;60.83;61.08;4,687,300
SELG;D;240703;000000;61.1;61.33;58.87;59.2;5,087,800
SELG;D;240704;000000;59.16;59.55;56.62;57.15;9,547,580
SELG;D;240705;000000;56.82;58.3;56.69;57.5;3,505,690
SELG;D;240708;000000;58.21;58.22;53.79;53.9;7,443,780
SELG;D;240709;000000;53.92;54.28;50.75;51.39;11,945,380
SELG;D;240710;000000;51.5;53.65;50.2;51.59;13,324,090
SELG;D;240711;000000;51.37;56;51.36;55.92;10,196,970
SELG;D;240712;000000;56;56.47;53.33;54.37;6,886,910
SELG;D;240715;000000;55.05;55.18;52.08;53.5;5,657,480
SELG;D;240716;000000;53.82;55.8;52.42;55.68;6,183,020
SELG;D;240717;000000;55.74;58.6;54.36;56.7;13,507,360
SELG;D;240718;000000;56.86;59.4;56.72;59.23;10,398,730
SELG;D;240719;000000;59.06;60.5;58.11;59.41;7,708,320
SELG;D;240722;000000;60.07;60.48;58.41;59.01;3,432,000
SELG;D;240723;000000;59.04;59.85;58.44;59.61;1,979,930
SELG;D;240724;000000;59.6;59.79;58.8;59.19;1,740,090
SELG;D;240725;000000;59.12;59.12;58.11;58.34;1,281,400
SELG;D;240726;000000;58.33;59.04;56.1;57.2;3,816,990
SELG;D;240729;000000;56.8;57.41;55.55;56.02;4,338,680
SELG;D;240730;000000;56.02;57.47;55.6;57.4;1,764,970
SELG;D;240731;000000;57.69;58.99;57.36;58.69;3,172,230
SELG;D;240801;000000;58.61;59.87;56.7;57.01;4,399,250
SELG;D;240802;000000;57.65;57.65;56.37;57.25;3,918,710
SELG;D;240805;000000;56.28;56.69;55.56;55.66;3,548,550
SELG;D;240806;000000;56.2;56.44;55.06;55.74;1,624,030
SELG;D;240807;000000;55.76;56.4;55;56.22;1,142,030
SELG;D;240808;000000;56.31;56.48;55.55;55.71;1,161,190
SELG;D;240809;000000;55.7;56.2;55.5;55.66;719,410
SELG;D;240812;000000;55.72;56.54;55.24;56.32;1,820,500
SELG;D;240813;000000;56.69;56.87;56;56.51;1,277,110
SELG;D;240814;000000;56.79;57.8;55.69;56.1;2,006,320
SELG;D;240815;000000;56.28;56.5;54.55;54.85;1,247,550
SELG;D;240816;000000;55;55.49;54.2;54.83;1,722,490
SELG;D;240819;000000;54.85;55.1;51.34;52.42;4,723,260
SELG;D;240820;000000;52.55;54.1;51.48;53.65;5,140,300
SELG;D;240821;000000;53.69;53.91;51.9;52.79;4,051,500
SELG;D;240822;000000;52.98;53.16;51;51.39;2,656,780
SELG;D;240823;000000;51.4;52.57;50.62;51.22;2,842,830
SELG;D;240826;000000;53;53.17;50.74;51.51;4,219,810
SELG;D;240827;000000;51.61;52.35;50;50.51;3,453,990
SELG;D;240828;000000;50.35;50.44;48.74;49.42;4,297,430
SELG;D;240829;000000;50.74;52.39;50.39;51.37;9,771,190
SELG;D;240830;000000;51.11;51.33;48.85;49.37;4,115,660
SELG;D;240902;000000;49.27;49.35;43.78;46.6;23,710,260
SELG;D;240903;000000;46.51;48.29;45.5;46.32;6,247,660
SELG;D;240904;000000;46.31;48.6;46.01;47.95;2,631,610
SELG;D;240905;000000;48.23;49.46;47.5;47.87;2,463,660
SELG;D;240906;000000;47.7;48.3;47.18;47.83;1,391,110
SELG;D;240909;000000;48.28;49.49;47.94;49.43;1,507,130
SELG;D;240910;000000;49;51.03;48.93;50.04;3,977,400
SELG;D;240911;000000;50.29;50.97;49;49.11;2,662,240
SELG;D;240912;000000;49.25;50.25;48.85;50.16;2,649,510
SELG;D;240913;000000;50.43;51.4;49.2;51.27;3,499,720
SELG;D;240916;000000;52.28;54.1;52.07;54;5,255,080
SELG;D;240917;000000;54.3;54.95;53.05;54.12;2,722,860
SELG;D;240918;000000;54.4;55.17;53.38;54.21;3,559,830
SELG;D;240919;000000;54.39;55.5;54.01;54.7;3,037,270
SELG;D;240920;000000;55.18;56.23;54.83;55.94;2,744,890
SELG;D;240923;000000;57;57.79;56.02;57.73;3,512,090
SELG;D;240924;000000;57.99;59.49;57.2;59.38;4,694,300
SELG;D;240925;000000;59.16;59.29;57.06;57.92;3,105,890
SELG;D;240926;000000;57.92;58.74;57.21;58;2,231,570
SELG;D;240927;000000;58.1;58.34;57.63;58.09;1,455,300
SELG;D;240930;000000;58.48;59;57.75;57.75;1,733,440
SELG;D;241001;000000;58.17;58.68;56.98;58.47;3,622,130
SELG;D;241002;000000;58.7;58.86;56.41;57.19;2,273,900
SELG;D;241003;000000;57.19;57.93;56.49;57.59;2,432,990
SELG;D;241004;000000;57.95;58.12;57.01;57.74;1,866,470
SELG;D;241007;000000;57.95;58.41;57.17;57.57;1,877,200
SELG;D;241008;000000;57.7;58.05;57.27;57.61;2,339,710
SELG;D;241009;000000;57.6;57.8;56.39;56.78;3,149,890
SELG;D;241010;000000;56.5;56.98;56.23;56.84;3,928,810
SELG;D;241011;000000;52;52.8;51.76;51.92;7,744,630
SELG;D;241014;000000;51.93;52.24;51.23;51.88;2,290,410
SELG;D;241015;000000;51.9;52.06;51.74;51.85;1,096,130
SELG;D;241016;000000;52.13;52.17;51.61;51.91;1,308,750
SELG;D;241017;000000;51.95;52.15;51;51.07;1,105,450
SELG;D;241018;000000;51.25;51.82;51.25;51.75;1,200,600
SELG;D;241021;000000;52.01;53.4;51.76;52.38;4,223,450
SELG;D;241022;000000;52.66;53.04;51.41;51.73;2,545,060
SELG;D;241023;000000;51.76;51.87;49.07;49.46;3,198,100
SELG;D;241024;000000;49.42;49.61;48.25;48.9;2,381,100
SELG;D;241025;000000;49.02;49.24;46.9;47.52;2,841,800
SELG;D;241028;000000;46.51;46.97;44.78;45.22;4,116,360
SELG;D;241029;000000;45.22;47.35;43.62;46.95;5,265,740
SELG;D;241030;000000;47.52;47.9;45.8;45.96;3,555,650
SELG;D;241031;000000;45.82;46.74;45;45.4;2,663,200
SELG;D;241101;000000;45.4;46.92;44.77;46.19;4,352,260
SELG;D;241102;000000;46.2;46.28;45.21;45.46;1,262,340
SELG;D;241105;000000;45.6;45.67;44.22;44.42;4,714,830
SELG;D;241106;000000;44.7;45.85;44.21;44.54;3,894,150
SELG;D;241107;000000;44.3;44.59;43.2;44.54;3,545,870
SELG;D;241108;000000;44.56;44.72;43.8;44.44;3,309,330
SELG;D;241111;000000;45;45.89;44.8;44.97;4,198,620
SELG;D;241112;000000;44.98;45.99;43.87;45.11;6,434,140
SELG;D;241113;000000;45.2;45.58;44.7;45.39;3,034,070
SELG;D;241114;000000;45.11;45.9;44.96;45.21;2,288,560
SELG;D;241115;000000;45.23;45.78;45.13;45.49;1,936,650
SELG;D;241118;000000;45.15;45.15;44.29;44.69;2,662,730
SELG;D;241119;000000;45;45;41.68;42.51;6,672,630
SELG;D;241120;000000;42.77;43.02;40.53;41.05;4,795,310
SELG;D;241121;000000;41.16;41.6;39.42;41.24;4,483,140
SELG;D;241122;000000;41.59;41.87;40.77;41.09;1,932,830
SELG;D;241125;000000;41;41.19;38.88;39.21;2,801,980
SELG;D;241126;000000;39.1;39.21;36;36.75;6,174,630
SELG;D;241127;000000;37.09;38.5;35.02;38.44;6,661,480
SELG;D;241128;000000;38.73;39.4;36.51;36.98;6,191,720
SELG;D;241129;000000;37;38.41;36.94;37.12;4,116,220
SELG;D;241202;000000;36.9;38;36.69;37.56;1,324,650
SELG;D;241203;000000;37.57;37.9;36.03;36.54;2,225,190
SELG;D;241204;000000;36.68;37.38;35.5;35.6;2,126,750
SELG;D;241205;000000;35.73;36.76;35.08;36.62;2,576,430
SELG;D;241206;000000;36.78;37.59;36;36.68;2,025,100
SELG;D;241209;000000;37;37.63;36.24;37.35;1,696,190
SELG;D;241210;000000;37.29;37.83;36.34;37.33;2,753,720
SELG;D;241211;000000;37.38;38.4;37.13;38.28;4,324,300
SELG;D;241212;000000;38.37;38.7;36.84;37.05;3,224,500
SELG;D;241213;000000;37.05;37.25;36.6;36.8;909,610
SELG;D;241216;000000;36.87;36.97;35.2;35.4;2,283,660
SELG;D;241217;000000;35.45;36.21;35.42;35.95;1,274,640
SELG;D;241218;000000;35.95;36.48;35.83;36.21;1,179,870
SELG;D;241219;000000;36.21;36.99;35.95;36.4;2,537,120
SELG;D;241220;000000;36.41;39.78;36.4;39.58;4,926,180
SELG;D;241223;000000;40.97;41.92;40.42;41.54;4,765,130
SELG;D;241224;000000;41.55;41.6;40.26;40.27;1,897,890
SELG;D;241225;000000;39.91;41.01;39.5;40.83;1,946,070
SELG;D;241226;000000;41.19;41.4;39.99;40.23;1,819,140
SELG;D;241227;000000;40.29;40.57;39.62;40.28;1,907,670
SELG;D;241228;000000;40.32;41.3;40.28;40.79;1,746,680
SELG;D;241230;000000;41.05;42.64;40.88;41.65;2,942,870
SELG;D;250103;000000;41.8;42;41.12;41.67;1,312,310
SELG;D;250106;000000;41.79;42;41.32;41.88;696,650
SELG;D;250108;000000;42.14;43.36;42.06;42.78;2,308,070
SELG;D;250109;000000;42.89;43.3;40.53;40.92;2,467,030
SELG;D;250110;000000;41.14;42.15;40.57;41.57;2,448,970
SELG;D;250113;000000;41.95;42.8;41.01;41.47;2,758,400
SELG;D;250114;000000;41.8;42.13;41.22;41.74;865,200
SELG;D;250115;000000;42;42.27;41.55;42.23;1,769,370
SELG;D;250116;000000;42.41;43.46;42.2;43.27;3,896,130
SELG;D;250117;000000;43.5;43.94;42.89;43.31;2,849,990
SELG;D;250120;000000;43.73;43.91;42.41;42.65;2,128,370
SELG;D;250121;000000;42.65;44.49;42.5;44.19;3,806,400
SELG;D;250122;000000;44.4;45;43.59;44.07;3,457,630
SELG;D;250123;000000;44.07;44.75;43.04;43.98;2,897,310
SELG;D;250124;000000;44.39;44.89;44.01;44.48;2,195,980
SELG;D;250127;000000;44.5;45.39;42.91;43.16;5,390,310
SELG;D;250128;000000;43.4;43.4;42.45;43.24;1,938,040
SELG;D;250129;000000;43.26;44.28;42.02;42.83;16,129,070
SELG;D;250130;000000;42.81;43.23;42.57;43.07;2,147,180
SELG;D;250131;000000;43.21;43.58;42.5;42.59;2,846,100
SELG;D;250203;000000;42.55;42.58;41.63;41.79;2,349,770
SELG;D;250204;000000;42.05;45.25;41.8;45.19;30,392,170
SELG;D;250205;000000;45.22;52.05;45.21;51.94;220,542,720
SELG;D;250206;000000;52.22;56.3;48.2;50.14;532,801,810
SELG;D;250207;000000;50.58;52.98;49.96;51.88;185,935,870
SELG;D;250210;000000;52.2;53.26;50.92;52;85,218,670
SELG;D;250211;000000;52.39;52.85;51.59;52.12;23,417,200
SELG;D;250212;000000;52.12;54.5;50.77;53.01;41,581,930
SELG;D;250213;000000;53.09;56.44;53.01;53.64;26,660,190
SELG;D;250214;000000;53.64;54.29;52.05;53.26;9,284,430
SELG;D;250217;000000;53.54;55.37;53.28;54.1;15,089,260
SELG;D;250218;000000;54.14;54.69;53.35;54.38;8,419,290
SELG;D;250219;000000;54.36;57.17;53.99;56.44;43,840,690
SELG;D;250220;000000;56.46;58.2;55.4;55.98;25,282,770
SELG;D;250221;000000;55.98;56.4;54.62;55.6;8,571,630
